TPJOJ.2.4                  : Data Processing Version ID
000314 Victoria_1          : Target database id number and name
 -0.690  33.560            : Latitude and longitude (degrees East) of target mid-point
 -0.019  -1.335            : Latitude range of pass traversing target at which data is accepted
120      60                : Satellite pass and revolution number designation
          1                : Reference pass derived from Jason-2 cycle #
          1                : Reference pass tracker selection (ocean=0, ice=1)
Column 1: Calendar year/month/day
Column 2: Hour of day
Column 3: Minute of hour
Column 4: Smoothed target height variation with respect to Jason-2 reference pass level (meters, default=999.99)
Column 5: Smoothed target height variation in EGM2008 datum (meters above mean sea level, default=9999.99)
19920927 19 36    999.99   9999.99
19921007 17 34      0.46   1135.57
19921017 15 33      0.47   1135.58
19921027 13 31      0.49   1135.61
19921106 11 30      0.50   1135.62
19921116  9 28      0.51   1135.63
19921126  7 27      0.52   1135.64
19921206  5 25      0.54   1135.66
19921216  3 24      0.55   1135.67
19921226  1 22      0.58   1135.70
19930104 23 21      0.61   1135.73
19930114 21 19      0.63   1135.75
19930124 19 18      0.64   1135.76
19930203 17 16      0.64   1135.76
19930213 15 15      0.63   1135.75
19930223 13 13      0.62   1135.74
19930305 11 12      0.62   1135.73
19930315  9 11      0.61   1135.73
19930325  7  9      0.60   1135.72
19930404  5  8      0.60   1135.71
19930414  3  6      0.59   1135.71
19930424  1  5      0.60   1135.72
19930503 23  3      0.63   1135.75
19930513 21  2      0.67   1135.79
19930523 19  0      0.70   1135.82
19930602 16 59      0.73   1135.85
19930612 14 57      0.74   1135.85
19930622 12 56      0.72   1135.84
19930702 10 54      0.68   1135.80
19930712  8 53      0.64   1135.76
19930722  6 51      0.59   1135.71
19930801  4 50      0.53   1135.65
19930811  2 48      0.48   1135.60
19930821  0 47      0.44   1135.56
19930830 22 45      0.40   1135.52
19930909 20 44      0.36   1135.47
19930919 18 42      0.32   1135.44
19930929 16 41      0.29   1135.41
19931009 14 40      0.27   1135.39
19931019 12 38      0.24   1135.36
19931029 10 37      0.23   1135.35
19931108  8 35      0.22   1135.34
19931118  6 34      0.20   1135.32
19931128  4 32      0.19   1135.31
19931208  2 31      0.18   1135.30
19931218  0 29      0.16   1135.28
19931227 22 28      0.15   1135.27
19940106 20 26      0.14   1135.26
19940116 18 25      0.13   1135.25
19940126 16 23      0.12   1135.24
19940205 14 22      0.11   1135.22
19940215 12 20      0.10   1135.22
19940225 10 19      0.10   1135.21
19940307  8 17      0.10   1135.22
99999999 99 99    999.99   9999.99
19940327  4 14      0.10   1135.22
19940406  2 13      0.12   1135.24
19940416  0 11      0.16   1135.28
19940425 22 10      0.19   1135.31
19940505 20  9      0.24   1135.36
19940515 18  7      0.29   1135.41
19940525 16  6      0.33   1135.45
19940604 14  4      0.35   1135.47
19940614 12  3      0.35   1135.47
19940624 10  1      0.34   1135.46
19940704  8  0      0.32   1135.44
19940714  5 58      0.30   1135.42
19940724  3 57      0.28   1135.40
19940803  1 55      0.26   1135.38
19940812 23 54      0.23   1135.35
19940822 21 52      0.20   1135.32
19940901 19 51      0.17   1135.29
19940911 17 49      0.15   1135.27
19940921 15 48      0.14   1135.26
19941001 13 46      0.13   1135.24
19941011 11 45      0.11   1135.23
19941021  9 43      0.13   1135.25
19941031  7 42      0.14   1135.26
19941110  5 40      0.17   1135.29
19941120  3 39      0.23   1135.34
19941130  1 38      0.28   1135.40
19941209 23 36      0.32   1135.44
19941219 21 35      0.35   1135.47
19941229 19 33      0.36   1135.48
19950108 17 32      0.36   1135.48
19950118 15 30      0.35   1135.47
19950128 13 29      0.34   1135.46
19950207 11 27      0.34   1135.46
19950217  9 26      0.35   1135.46
19950227  7 24      0.35   1135.46
19950309  5 23      0.35   1135.46
19950319  3 21      0.35   1135.46
19950329  1 20      0.35   1135.47
19950407 23 18      0.37   1135.49
19950417 21 17      0.41   1135.53
19950427 19 15      0.46   1135.58
19950507 17 14      0.51   1135.63
19950517 15 12      0.55   1135.67
19950527 13 11      0.59   1135.71
19950606 11  9      0.61   1135.72
19950616  9  8      0.60   1135.72
19950626  7  7      0.59   1135.71
19950706  5  5      0.57   1135.69
19950716  3  4      0.55   1135.67
19950726  1  2      0.52   1135.64
19950804 23  1      0.49   1135.61
19950814 20 59      0.45   1135.57
19950824 18 58      0.42   1135.54
19950903 16 56      0.39   1135.51
19950913 14 55      0.37   1135.49
19950923 12 53      0.35   1135.47
19951003 10 52      0.34   1135.46
19951013  8 50      0.34   1135.46
19951023  6 49      0.34   1135.45
19951102  4 47      0.33   1135.45
19951112  2 46      0.33   1135.45
19951122  0 44      0.33   1135.45
99999999 99 99    999.99   9999.99
19951211 20 41      0.34   1135.46
19951221 18 40      0.35   1135.47
19951231 16 38      0.36   1135.48
19960110 14 37      0.38   1135.50
99999999 99 99    999.99   9999.99
19960130 10 34      0.40   1135.52
19960209  8 33      0.42   1135.54
19960219  6 31      0.43   1135.55
19960229  4 30      0.44   1135.56
19960310  2 28      0.46   1135.58
19960320  0 27      0.50   1135.62
19960329 22 25      0.55   1135.67
19960408 20 24      0.60   1135.72
19960418 18 22      0.66   1135.78
19960428 16 21      0.71   1135.83
19960508 14 19      0.73   1135.85
19960518 12 18      0.75   1135.87
19960528 10 16      0.77   1135.89
19960607  8 15      0.76   1135.88
19960617  6 13      0.76   1135.88
19960627  4 12      0.74   1135.86
19960707  2 11      0.72   1135.84
19960717  0  9      0.69   1135.81
19960726 22  8      0.66   1135.78
19960805 20  6      0.63   1135.75
19960815 18  5      0.61   1135.72
19960825 16  3      0.59   1135.70
19960904 14  2      0.58   1135.70
19960914 12  0      0.58   1135.69
19960924  9 59      0.57   1135.69
19961004  7 57      0.56   1135.68
19961014  5 56      0.55   1135.67
19961024  3 54      0.53   1135.65
19961103  1 53      0.52   1135.64
19961112 23 51      0.51   1135.63
19961122 21 50      0.51   1135.62
19961202 19 48      0.51   1135.63
19961212 17 47      0.51   1135.63
19961222 15 45      0.52   1135.64
19970101 13 44      0.52   1135.64
19970111 11 42      0.51   1135.63
19970121  9 41      0.49   1135.61
19970131  7 40      0.47   1135.59
19970210  5 38      0.44   1135.56
19970220  3 37      0.39   1135.51
19970302  1 35      0.36   1135.48
19970311 23 34      0.33   1135.45
19970321 21 32      0.33   1135.44
19970331 19 31      0.34   1135.46
19970410 17 29      0.38   1135.50
19970420 15 28      0.44   1135.56
19970430 13 26      0.50   1135.62
19970510 11 25      0.56   1135.68
19970520  9 23      0.59   1135.71
19970530  7 22      0.60   1135.72
19970609  5 20      0.58   1135.70
19970619  3 19      0.55   1135.67
19970629  1 17      0.50   1135.62
19970708 23 16      0.46   1135.58
19970718 21 14      0.43   1135.55
19970728 19 13      0.40   1135.52
19970807 17 12      0.36   1135.48
19970817 15 10      0.34   1135.46
19970827 13  9      0.30   1135.42
19970906 11  7      0.26   1135.38
19970916  9  6      0.21   1135.33
19970926  7  4      0.17   1135.29
19971006  5  3      0.14   1135.26
19971016  3  1      0.14   1135.26
19971026  1  0      0.17   1135.29
19971104 22 58      0.22   1135.34
19971114 20 57      0.31   1135.43
19971124 18 55      0.42   1135.54
19971204 16 54      0.55   1135.67
19971214 14 52      0.68   1135.80
19971224 12 51      0.82   1135.94
19980103 10 49      0.95   1136.07
19980113  8 48      1.05   1136.17
99999999 99 99    999.99   9999.99
19980202  4 45      1.13   1136.25
19980212  2 44      1.20   1136.32
19980222  0 42      1.24   1136.36
19980303 22 41      1.27   1136.39
19980313 20 39      1.29   1136.41
19980323 18 38      1.30   1136.42
19980402 16 36      1.34   1136.46
19980412 14 35      1.39   1136.51
19980422 12 33      1.46   1136.58
19980502 10 32      1.53   1136.65
19980512  8 30      1.59   1136.71
19980522  6 29      1.62   1136.74
19980601  4 27      1.62   1136.74
19980611  2 26      1.61   1136.73
19980621  0 24      1.58   1136.69
19980630 22 23      1.54   1136.66
19980710 20 21      1.50   1136.61
19980720 18 20      1.45   1136.57
19980730 16 18      1.41   1136.53
19980809 14 17      1.37   1136.49
19980819 12 15      1.33   1136.45
19980829 10 14      1.30   1136.42
19980908  8 13      1.28   1136.40
19980918  6 11      1.25   1136.37
19980928  4 10      1.24   1136.36
19981008  2  8      1.23   1136.35
19981018  0  7      1.22   1136.34
19981027 22  5      1.21   1136.33
19981106 20  4      1.21   1136.33
19981116 18  2      1.19   1136.31
19981126 16  1      1.18   1136.30
19981206 13 59      1.16   1136.28
19981216 11 58      1.15   1136.27
19981226  9 56      1.14   1136.26
19990105  7 55      1.14   1136.26
19990115  5 53      1.11   1136.23
19990125  3 52      1.09   1136.21
19990204  1 50      1.06   1136.18
19990213 23 49      1.03   1136.15
19990223 21 47      1.01   1136.13
19990305 19 46      1.02   1136.14
19990315 17 44      1.04   1136.16
19990325 15 43      1.08   1136.20
19990404 13 42      1.13   1136.25
19990414 11 40      1.19   1136.31
19990424  9 39      1.24   1136.36
19990504  7 37      1.27   1136.39
19990514  5 36      1.28   1136.40
19990524  3 34      1.27   1136.39
19990603  1 33      1.23   1136.35
19990612 23 31      1.18   1136.30
19990622 21 30      1.13   1136.25
19990702 19 28      1.08   1136.20
19990712 17 27      1.04   1136.16
19990722 15 25      0.99   1136.11
19990801 13 24      0.95   1136.07
19990811 11 22      0.92   1136.04
19990821  9 21      0.89   1136.01
99999999 99 99    999.99   9999.99
19990910  5 18      0.87   1135.98
19990920  3 16      0.84   1135.96
19990930  1 15      0.83   1135.95
19991009 23 13      0.82   1135.94
19991019 21 12      0.82   1135.94
19991029 19 11      0.83   1135.94
19991108 17  9      0.86   1135.97
19991118 15  8      0.88   1136.00
19991128 13  6    999.99   9999.99
19991208 11  5      0.90   1136.02
19991218  9  3      0.92   1136.04
19991228  7  2      0.93   1136.05
20000107  5  0      0.92   1136.04
20000117  2 59      0.91   1136.03
20000127  0 57      0.90   1136.02
20000205 22 56      0.87   1135.99
20000215 20 54      0.84   1135.96
20000225 18 53      0.81   1135.93
20000306 16 51      0.78   1135.90
20000316 14 50      0.76   1135.88
20000326 12 48      0.75   1135.87
20000405 10 47      0.76   1135.88
20000415  8 45      0.76   1135.88
20000425  6 44      0.77   1135.89
20000505  4 43      0.77   1135.89
20000515  2 41      0.75   1135.87
20000525  0 40    999.99   9999.99
20000603 22 38      0.72   1135.84
20000613 20 37      0.68   1135.80
20000623 18 35      0.63   1135.75
20000703 16 34      0.58   1135.70
20000713 14 32      0.55   1135.67
20000723 12 31      0.51   1135.63
20000802 10 29      0.47   1135.59
20000812  8 28      0.43   1135.55
20000822  6 26      0.40   1135.52
20000901  4 25      0.36   1135.48
20000911  2 23      0.32   1135.44
20000921  0 22      0.29   1135.41
20000930 22 20      0.27   1135.39
20001010 20 19      0.26   1135.38
20001020 18 17      0.27   1135.39
20001030 16 16      0.28   1135.40
20001109 14 14      0.31   1135.43
20001119 12 13      0.34   1135.46
20001129 10 11      0.37   1135.49
20001209  8 10      0.39   1135.51
20001219  6  9      0.43   1135.55
20001229  4  7      0.46   1135.57
20010108  2  6      0.48   1135.60
20010118  0  4      0.51   1135.63
20010127 22  3      0.54   1135.66
20010206 20  1      0.55   1135.67
20010216 18  0      0.54   1135.66
20010226 15 58      0.53   1135.65
20010308 13 57      0.52   1135.64
20010318 11 55      0.52   1135.64
20010328  9 54      0.52   1135.64
20010407  7 52      0.54   1135.66
20010417  5 51      0.57   1135.69
20010427  3 49      0.60   1135.72
20010507  1 48      0.62   1135.74
20010516 23 46      0.64   1135.76
20010526 21 45      0.64   1135.76
20010605 19 43      0.62   1135.74
20010615 17 42      0.61   1135.73
20010625 15 40      0.59   1135.71
20010705 13 39      0.57   1135.69
20010715 11 38      0.55   1135.67
20010725  9 36      0.54   1135.66
20010804  7 35      0.51   1135.63
20010814  5 33      0.48   1135.60
20010824  3 32      0.46   1135.57
20010903  1 30      0.43   1135.55
20010912 23 29      0.42   1135.54
20010922 21 27      0.41   1135.53
20011002 19 26      0.41   1135.53
20011012 17 24      0.42   1135.54
20011022 15 23      0.43   1135.55
20011101 13 21      0.45   1135.57
20011111 11 20      0.49   1135.60
20011121  9 18      0.50   1135.62
20011201  7 17      0.51   1135.63
20011211  5 15      0.52   1135.64
20011221  3 14      0.52   1135.64
20011231  1 12      0.52   1135.64
20020109 23 11      0.52   1135.64
20020119 21  9      0.52   1135.64
20020129 19  8      0.52   1135.64
20020208 17  6      0.51   1135.63
20020218 15  5      0.50   1135.62
20020228 13  4      0.51   1135.63
20020310 11  2      0.53   1135.65
20020320  9  1      0.56   1135.68
20020330  6 59      0.59   1135.71
20020409  4 58      0.64   1135.76
20020419  2 56      0.70   1135.82
20020429  0 55      0.75   1135.87
20020508 22 53      0.80   1135.92
20020518 20 52      0.85   1135.97
20020528 18 50      0.87   1135.99
20020607 16 49      0.85   1135.96
20020617 14 47      0.81   1135.93
20020627 12 46      0.77   1135.89
20020707 10 44      0.73   1135.84
20020717  8 43      0.68   1135.80
20020727  6 41      0.65   1135.77
20020806  4 40      0.59   1135.70
20020119 21  8      0.58   1135.70
20020129 19  7      0.55   1135.67
20020208 17  5      0.53   1135.65
20020218 15  4      0.51   1135.62
20020228 13  2      0.51   1135.63
20020310 11  1      0.54   1135.66
20020320  8 59      0.56   1135.68
20020330  6 58      0.60   1135.72
20020409  4 56      0.65   1135.77
20020419  2 55      0.70   1135.82
20020428  0 54      0.75   1135.87
20020508 22 52      0.80   1135.92
20020518 20 51      0.84   1135.96
20020528 18 49      0.87   1135.99
20020607 16 48      0.85   1135.97
20020617 14 46      0.82   1135.94
20020627 12 45      0.78   1135.90
20020707 10 43      0.72   1135.84
20020717  8 42      0.68   1135.80
20020727  6 40      0.64   1135.76
20020806  4 39      0.60   1135.72
20020816  2 37      0.56   1135.68
20020825  0 36      0.53   1135.65
20020904 22 34      0.48   1135.60
20020914 20 33      0.45   1135.57
20020924 18 31      0.43   1135.55
20021004 16 30      0.42   1135.54
20021014 14 28      0.40   1135.52
20021024 12 27      0.41   1135.53
20021103 10 26      0.42   1135.54
20021113  8 24      0.44   1135.56
20021123  6 23      0.45   1135.57
20021203  4 21      0.47   1135.59
20021213  2 20      0.50   1135.62
20021222  0 18      0.53   1135.65
20030101 22 17      0.55   1135.67
20030111 20 15      0.57   1135.69
20030121 18 14      0.58   1135.70
20030131 16 12      0.58   1135.70
20030210 14 11      0.55   1135.67
20030220 12  9      0.51   1135.63
20030302 10  8      0.48   1135.60
20030312  8  6      0.47   1135.59
20030322  6  5      0.47   1135.59
20030401  4  3    999.99   9999.99
20030411  2  2    999.99   9999.99
20030420  0  0      0.50   1135.62
20030430 21 59      0.55   1135.67
20030510 19 58      0.60   1135.72
20030520 17 56      0.64   1135.76
20030530 15 55      0.67   1135.79
20030609 13 53      0.67   1135.79
20030619 11 52      0.66   1135.78
20030629  9 50      0.64   1135.76
20030709  7 49      0.61   1135.73
20030719  5 47      0.57   1135.69
20030729  3 46      0.54   1135.66
20030808  1 44      0.51   1135.63
20030817 23 43      0.49   1135.61
20030827 21 41      0.47   1135.59
20030906 19 40      0.46   1135.58
20030916 17 38      0.44   1135.56
20030926 15 37      0.43   1135.55
20031006 13 35      0.41   1135.53
20031016 11 34      0.40   1135.52
20031026  9 32      0.38   1135.49
20031105  7 31      0.35   1135.47
20031115  5 30      0.35   1135.47
99999999 99 99    999.99   9999.99
20031205  1 27      0.35   1135.47
20031214 23 25      0.35   1135.47
20031224 21 24      0.35   1135.47
20040103 19 22      0.35   1135.47
20040113 17 21      0.33   1135.45
20040123 15 19      0.31   1135.43
20040202 13 18      0.30   1135.42
20040212 11 16      0.29   1135.41
20040222  9 15      0.28   1135.40
20040303  7 13      0.27   1135.39
20040313  5 12      0.25   1135.37
20040323  3 10      0.25   1135.37
20040402  1  9      0.27   1135.39
20040411 23  7      0.30   1135.42
20040421 21  6      0.35   1135.47
20040501 19  5      0.39   1135.51
20040511 17  3      0.41   1135.53
20040521 15  2      0.41   1135.53
20040531 13  0      0.39   1135.51
20040610 10 59      0.36   1135.48
20040620  8 57      0.30   1135.42
20040630  6 56      0.23   1135.35
20040710  4 54      0.16   1135.28
20040720  2 53      0.10   1135.22
20040729  0 51      0.05   1135.17
20040808 22 50      0.01   1135.13
20040818 20 48     -0.02   1135.10
20040828 18 47     -0.04   1135.08
20040907 16 45     -0.07   1135.05
20040917 14 44     -0.10   1135.02
20040927 12 42     -0.12   1134.99
20041007 10 41     -0.15   1134.97
20041017  8 39     -0.16   1134.96
20041027  6 38     -0.17   1134.95
20041106  4 37     -0.18   1134.94
20041116  2 35     -0.17   1134.95
20041125  0 34     -0.16   1134.96
20041205 22 32     -0.15   1134.97
20041215 20 31     -0.13   1134.99
20041225 18 29     -0.12   1135.00
20050104 16 28     -0.11   1135.01
20050114 14 26     -0.12   1135.00
20050124 12 25     -0.12   1135.00
20050203 10 23     -0.14   1134.98
20050213  8 22     -0.16   1134.96
20050223  6 20     -0.18   1134.94
20050305  4 19     -0.20   1134.92
20050315  2 17     -0.21   1134.91
20050324  0 16     -0.21   1134.91
20050403 22 15     -0.20   1134.92
20050413 20 13     -0.17   1134.95
20050423 18 12     -0.15   1134.97
20050503 16 10     -0.12   1135.00
20050513 14  9     -0.10   1135.02
20050523 12  7     -0.09   1135.03
20050602 10  6     -0.11   1135.01
20050612  8  4    999.99   9999.99
20050622  6  3    999.99   9999.99
20050702  4  1     -0.14   1134.98
20050712  2  0     -0.18   1134.94
20050721 23 58     -0.22   1134.90
20050731 21 57     -0.26   1134.86
20050810 19 55     -0.29   1134.83
20050820 17 54     -0.31   1134.81
20050830 15 53     -0.33   1134.79
20050909 13 51     -0.35   1134.77
20050919 11 50     -0.37   1134.74
20050929  9 48     -0.40   1134.72
20051009  7 47     -0.42   1134.70
20051019  5 45     -0.43   1134.69
20051029  3 44     -0.43   1134.69
20051108  1 42     -0.44   1134.68
20051117 23 41     -0.45   1134.67
20051127 21 39     -0.47   1134.65
20051207 19 38     -0.49   1134.62
20051217 17 36     -0.53   1134.59
20051227 15 35     -0.57   1134.55
20060106 13 33     -0.60   1134.52
20060116 11 32     -0.63   1134.49
20060126  9 30     -0.66   1134.46
20060205  7 29     -0.68   1134.44
20060215  5 28     -0.68   1134.44
99999999 99 99    999.99   9999.99
20060307  1 25     -0.67   1134.45
20060316 23 23     -0.64   1134.48
20060326 21 22     -0.61   1134.51
20060405 19 20     -0.56   1134.56
20060415 17 19     -0.51   1134.61
20060425 15 17     -0.46   1134.66
20060505 13 16     -0.41   1134.71
20060515 11 14     -0.38   1134.74
20060525  9 13     -0.37   1134.74
20060604  7 11     -0.38   1134.74
20060614  5 10     -0.40   1134.72
20060624  3  8     -0.43   1134.69
20060704  1  7     -0.47   1134.65
20060713 23  5     -0.50   1134.61
20060723 21  4     -0.54   1134.58
20060802 19  2     -0.57   1134.55
20060812 17  1     -0.60   1134.52
20060822 15  0     -0.61   1134.51
20060901 12 58     -0.63   1134.49
20060911 10 57     -0.67   1134.45
20060921  8 55     -0.70   1134.42
20061001  6 54     -0.73   1134.39
20061011  4 52     -0.74   1134.38
20061021  2 51     -0.71   1134.41
99999999 99 99    999.99   9999.99
99999999 99 99    999.99   9999.99
20061119 20 46     -0.65   1134.47
20061129 18 45     -0.56   1134.56
20061209 16 43     -0.44   1134.68
20061219 14 42     -0.34   1134.78
20061229 12 40     -0.26   1134.86
20070108 10 39     -0.20   1134.92
20070118  8 37     -0.15   1134.97
20070128  6 36     -0.12   1135.00
20070207  4 35     -0.11   1135.01
20070217  2 33     -0.09   1135.03
20070226  0 32     -0.08   1135.04
20070308 22 30     -0.07   1135.05
20070318 20 29     -0.07   1135.05
20070328 18 27     -0.07   1135.05
20070407 16 26     -0.06   1135.06
20070417 14 24     -0.04   1135.08
20070427 12 23     -0.02   1135.10
20070507 10 21      0.00   1135.12
20070517  8 20      0.02   1135.14
20070527  6 18      0.03   1135.15
20070606  4 17      0.04   1135.16
20070616  2 15      0.04   1135.16
20070625  0 14      0.04   1135.16
20070705 22 13      0.03   1135.15
20070715 20 11      0.02   1135.14
20070725 18 10      0.00   1135.12
20070804 16  8     -0.01   1135.11
20070814 14  7     -0.02   1135.10
20070824 12  5     -0.01   1135.11
20070903 10  4     -0.01   1135.11
20070913  8  2     -0.01   1135.11
20070923  6  1     -0.02   1135.10
20071003  3 59     -0.04   1135.08
20071013  1 58     -0.05   1135.07
20071022 23 56     -0.05   1135.07
20071101 21 55     -0.05   1135.07
20071111 19 53     -0.05   1135.07
20071121 17 52     -0.05   1135.07
20071201 15 50     -0.04   1135.08
20071211 13 49     -0.05   1135.07
20071221 11 47     -0.05   1135.07
20071231  9 46     -0.05   1135.07
20080110  7 45     -0.05   1135.07
20080120  5 43     -0.04   1135.08
20080130  3 42     -0.04   1135.08
20080209  1 40     -0.03   1135.09
20080218 23 39     -0.03   1135.09
20080228 21 37     -0.02   1135.10
20080309 19 36     -0.02   1135.10
20080319 17 34     -0.01   1135.11
20080329 15 33      0.02   1135.14
20080408 13 31      0.05   1135.17
20080418 11 30      0.08   1135.20
20080428  9 28      0.11   1135.23
99999999 99 99    999.99   9999.99
20080518  5 25      0.13   1135.25
20080528  3 24      0.13   1135.25
20080607  1 22      0.11   1135.23
20080616 23 21      0.09   1135.21
20080626 21 20      0.06   1135.18
20080706 19 18      0.04   1135.16
20080716 17 17      0.01   1135.12
20080726 15 15     -0.02   1135.10
20080805 13 14     -0.04   1135.08
99999999 99 99    999.99   9999.99
20080825  9 11     -0.06   1135.06
20080904  7  9     -0.08   1135.04
20080914  5  8     -0.09   1135.03
20080924  3  6     -0.10   1135.02
20081004  1  5     -0.10   1135.02
20081013 23  3     -0.09   1135.03
20081023 21  2     -0.05   1135.07
20081102 19  0     -0.02   1135.10
20081112 16 59      0.01   1135.12
20081122 14 57      0.03   1135.15
20081202 12 56      0.03   1135.15
20081212 10 54      0.02   1135.14
20081222  8 53      0.00   1135.12
20090101  6 52     -0.03   1135.09
20090111  4 50     -0.03   1135.09
20090121  2 49     -0.11   1135.01
20080716 17 17      0.00   1135.12
20080726 15 16     -0.03   1135.09
20080805 13 15     -0.04   1135.08
20080815 11 13     -0.05   1135.07
20080825  9 12     -0.06   1135.06
20080904  7 10     -0.08   1135.04
20080914  5  9     -0.09   1135.03
20080924  3  7     -0.09   1135.03
20081004  1  6     -0.09   1135.03
20081013 23  4     -0.09   1135.03
20081023 21  3     -0.06   1135.06
20081102 19  1     -0.03   1135.09
20081112 17  0     -0.01   1135.11
20081122 14 58      0.01   1135.13
20081202 12 57      0.02   1135.14
20081212 10 55      0.01   1135.13
20081222  8 54      0.00   1135.12
20090101  6 52     -0.01   1135.11
20090111  4 51     -0.01   1135.11
20090121  2 50     -0.01   1135.11
20090130  0 48      0.00   1135.12
20090209 22 47      0.01   1135.13
20090219 20 45      0.02   1135.14
20090301 18 44      0.02   1135.14
20090311 16 42      0.03   1135.15
20090321 14 41      0.04   1135.16
20090331 12 39      0.07   1135.19
20090410 10 38      0.11   1135.23
20090420  8 36      0.14   1135.26
20090430  6 35      0.19   1135.31
20090510  4 33      0.23   1135.35
20090520  2 32      0.25   1135.37
20090529  0 30      0.25   1135.37
20090608 22 29      0.24   1135.36
20090618 20 27      0.22   1135.34
20090628 18 26      0.18   1135.30
20090708 16 24      0.12   1135.24
20090718 14 23      0.08   1135.20
20090728 12 22      0.04   1135.16
20090807 10 20     -0.01   1135.11
20090817  8 19     -0.06   1135.06
20090827  6 17     -0.09   1135.03
20090906  4 16     -0.13   1134.99
20090916  2 14     -0.14   1134.98
20090925  0 13     -0.16   1134.96
20091005 22 11     -0.16   1134.96
20091015 20 10     -0.17   1134.95
20091025 18  8     -0.17   1134.95
20091104 16  7     -0.17   1134.95
20091114 14  5     -0.17   1134.95
20091124 12  4     -0.15   1134.97
20091204 10  2     -0.14   1134.98
20091214  8  1     -0.11   1135.01
20091224  5 59     -0.08   1135.04
20100103  3 58     -0.05   1135.07
20100113  1 56     -0.03   1135.09
20100122 23 55     -0.01   1135.11
20100201 21 54     -0.01   1135.11
20100211 19 52      0.01   1135.13
20100221 17 51      0.04   1135.16
20100303 15 49      0.07   1135.19
20100313 13 48      0.12   1135.24
20100323 11 46      0.17   1135.29
20100402  9 45      0.21   1135.33
20100412  7 43      0.25   1135.37
20100422  5 42      0.29   1135.41
20100502  3 40      0.32   1135.44
20100512  1 39      0.35   1135.47
20100521 23 37      0.38   1135.50
20100531 21 36      0.40   1135.52
20100610 19 34      0.40   1135.52
20100620 17 33      0.38   1135.50
20100630 15 31      0.34   1135.46
20100710 13 30      0.30   1135.42
20100720 11 28      0.26   1135.38
20100730  9 27      0.22   1135.34
20100809  7 25      0.18   1135.30
20100819  5 24      0.15   1135.27
20100829  3 23      0.12   1135.24
20100908  1 21      0.10   1135.22
20100917 23 20      0.08   1135.20
20100927 21 18      0.07   1135.19
20101007 19 17      0.06   1135.18
20101017 17 15      0.05   1135.17
20101027 15 14      0.04   1135.16
20101106 13 12      0.03   1135.15
20101116 11 11      0.01   1135.13
20101126  9  9      0.00   1135.12
20101206  7  8     -0.01   1135.11
20101216  5  6     -0.02   1135.10
20101226  3  5     -0.01   1135.11
20110105  1  3     -0.01   1135.11
20110114 23  2     -0.01   1135.11
20110124 21  0     -0.02   1135.10
20110203 18 59     -0.03   1135.09
20110213 16 57     -0.04   1135.08
20110223 14 56     -0.05   1135.07
20110305 12 54     -0.06   1135.06
20110315 10 53     -0.05   1135.07
20110325  8 52     -0.04   1135.08
20110404  6 50     -0.04   1135.08
20110414  4 49     -0.03   1135.09
20110424  2 47     -0.01   1135.11
20110503  0 46      0.01   1135.13
20110513 22 44      0.02   1135.14
20110523 20 43      0.03   1135.15
20110602 18 41      0.03   1135.15
20110612 16 40      0.02   1135.14
20110622 14 38      0.01   1135.13
20110702 12 37     -0.02   1135.10
20110712 10 35     -0.05   1135.07
20110722  8 34     -0.08   1135.04
20110801  6 32     -0.10   1135.02
20110811  4 31     -0.12   1135.00
20110821  2 29     -0.13   1134.99
20110830  0 28     -0.12   1135.00
20110909 22 26     -0.10   1135.02
20110919 20 25     -0.09   1135.03
20110929 18 24     -0.07   1135.05
20111009 16 22     -0.05   1135.07
20111019 14 21     -0.04   1135.08
20111029 12 19     -0.01   1135.11
20111108 10 18      0.02   1135.14
20111118  8 16      0.07   1135.19
20111128  6 15      0.12   1135.24
20111208  4 13      0.18   1135.30
20111218  2 12      0.22   1135.34
20111227  0 10      0.25   1135.37
20120106 22  9      0.27   1135.39
20120116 20  7      0.25   1135.37
20120126 18  6      0.22   1135.34
20120205 16  4      0.18   1135.30
20120215 14  3      0.15   1135.27
20120225 12  1      0.12   1135.24
20120306 10  0      0.09   1135.21
20120316  7 58      0.08   1135.20
20120326  5 57      0.08   1135.20
20120405  3 56      0.10   1135.22
20120415  1 54      0.12   1135.24
20120424 23 53      0.16   1135.28
20120504 21 51      0.22   1135.34
20120514 19 50      0.29   1135.41
20120524 17 48      0.33   1135.45
20120603 15 47      0.36   1135.48
20120613 13 45      0.37   1135.49
20120623 11 44      0.36   1135.48
20120703  9 42      0.34   1135.46
20120713  7 41      0.32   1135.44
20120723  5 39      0.30   1135.42
20120802  3 38      0.28   1135.40
20120812  1 36      0.26   1135.38
20120821 23 35      0.26   1135.38
20120831 21 33      0.26   1135.38
20120910 19 32      0.26   1135.38
20120920 17 30      0.26   1135.38
20120930 15 29      0.27   1135.39
20121010 13 27      0.27   1135.39
20121020 11 26      0.29   1135.41
20121030  9 25      0.31   1135.43
20121109  7 23      0.33   1135.45
20121119  5 22      0.36   1135.48
20121129  3 20      0.39   1135.51
20121209  1 19      0.41   1135.53
20121218 23 17      0.44   1135.56
20121228 21 16      0.48   1135.60
20130107 19 14      0.51   1135.63
20130117 17 13      0.53   1135.65
20130127 15 11      0.53   1135.65
20130206 13 10      0.53   1135.65
20130216 11  8      0.53   1135.65
20130226  9  7      0.52   1135.64
20130308  7  5      0.54   1135.66
20130318  5  4      0.58   1135.70
99999999 99 99    999.99   9999.99
20130407  1  1      0.64   1135.76
20130416 22 59      0.71   1135.83
20130426 20 58      0.79   1135.91
20130506 18 57      0.85   1135.97
20130516 16 55      0.89   1136.01
20130526 14 54      0.90   1136.02
20130605 12 52      0.88   1136.00
20130615 10 51      0.84   1135.96
20130625  8 49      0.79   1135.91
20130705  6 48      0.73   1135.85
20130715  4 46      0.69   1135.81
20130725  2 45      0.65   1135.77
20130803  0 43      0.61   1135.73
20130813 22 42      0.59   1135.71
20130823 20 40      0.57   1135.69
20130902 18 39      0.56   1135.68
20130912 16 37      0.57   1135.69
20130922 14 36      0.57   1135.69
20131002 12 34      0.58   1135.70
20131012 10 33      0.58   1135.70
20131022  8 31      0.58   1135.70
20131101  6 30      0.58   1135.70
20131111  4 29      0.58   1135.70
20131121  2 27      0.59   1135.71
20131130  0 26      0.61   1135.73
20131210 22 24      0.63   1135.75
20131220 20 23      0.65   1135.77
20131230 18 21      0.66   1135.78
20140109 16 20      0.67   1135.79
20140119 14 18      0.68   1135.80
20140129 12 17      0.67   1135.79
20140208 10 15      0.65   1135.77
20140218  8 14      0.64   1135.76
20140228  6 12      0.63   1135.75
20140310  4 11      0.62   1135.74
20140320  2  9      0.62   1135.74
20140329  0  8      0.64   1135.76
20140408 22  6      0.67   1135.79
20140418 20  5      0.69   1135.81
20140428 18  3      0.73   1135.85
20140508 16  2      0.75   1135.87
20140518 14  1      0.76   1135.88
20140528 11 59      0.78   1135.90
20140607  9 58      0.79   1135.91
20140617  7 56      0.78   1135.90
20140627  5 55      0.76   1135.88
20140707  3 53      0.73   1135.85
20140717  1 52      0.70   1135.82
20140726 23 50      0.66   1135.78
20140805 21 49      0.65   1135.77
20140815 19 47      0.64   1135.76
20140825 17 46      0.64   1135.76
20140904 15 44      0.65   1135.77
20140914 13 43      0.66   1135.78
20140924 11 41      0.67   1135.79
20141004  9 40      0.68   1135.80
20141014  7 38      0.68   1135.80
20141024  5 37      0.69   1135.81
20141103  3 36      0.70   1135.82
20141113  1 34      0.72   1135.84
20141122 23 33      0.74   1135.86
20141202 21 31      0.76   1135.88
20141212 19 30      0.79   1135.91
20141222 17 28      0.81   1135.93
20150101 15 27      0.81   1135.93
20150111 13 25      0.79   1135.91
20150121 11 24      0.77   1135.89
20150131  9 22      0.74   1135.86
20150210  7 21      0.70   1135.82
20150220  5 19      0.66   1135.78
20150302  3 18      0.64   1135.76
20150312  1 16      0.62   1135.74
20150321 23 15      0.63   1135.75
20150331 21 13      0.66   1135.78
20150410 19 12      0.72   1135.84
20150420 17 10      0.80   1135.92
20150430 15  9      0.88   1136.00
20150510 13  8      0.95   1136.07
20150520 11  6      1.01   1136.13
20150530  9  5      1.03   1136.15
20150609  7  3      1.04   1136.16
20150619  5  2      1.04   1136.16
20150629  3  0      1.01   1136.13
20150709  0 59      0.98   1136.10
20150718 22 57      0.95   1136.07
20150728 20 56      0.91   1136.03
20150807 18 54      0.87   1135.99
20150817 16 53      0.84   1135.96
20150827 14 51      0.81   1135.93
20150906 12 50      0.78   1135.90
20150916 10 48      0.75   1135.87
20150926  8 47      0.73   1135.85
20151006  6 45      0.72   1135.84
20151016  4 44      0.73   1135.85
20151026  2 43      0.76   1135.88
20151104  0 41      0.82   1135.94
20151114 22 40      0.89   1136.01
20151124 20 38      0.97   1136.09
20151204 18 37      1.05   1136.17
20151214 16 35      1.12   1136.24
20151224 14 34      1.16   1136.28
20160103 12 32      1.20   1136.32
20160113 10 31      1.21   1136.33
20160123  8 29      1.21   1136.33
20160202  6 28      1.20   1136.32
20160212  4 26      1.20   1136.32
20160222  2 25      1.18   1136.30
20160302  0 23      1.17   1136.29
20160312 22 22      1.17   1136.29
20160322 20 20      1.17   1136.29
20160401 18 19      1.19   1136.31
20160411 16 17      1.23   1136.35
20160421 14 16      1.27   1136.39
20160501 12 15      1.32   1136.44
20160511 10 13      1.36   1136.48
20160521  8 12      1.38   1136.50
20160531  6 10      1.37   1136.49
20160610  4  9      1.35   1136.47
20160620  2  7      1.31   1136.43
20160629  0  6      1.26   1136.38
20160709 22  4      1.22   1136.34
20160719 20  3      1.18   1136.30
20160729 18  1      1.14   1136.26
20160808 16  0      1.10   1136.22
20160818 13 58      1.06   1136.18
20160828 11 57      1.02   1136.14
20160907  9 55      0.98   1136.10
20160917  7 54      0.93   1136.05
20160927  5 52      0.91   1136.03
20160222  2 26      1.18   1136.30
20160302  0 25      1.18   1136.30
20160312 22 23      1.17   1136.29
20160322 20 22      1.18   1136.30
20160401 18 20      1.19   1136.31
20160411 16 19      1.24   1136.36
20160421 14 17      1.28   1136.40
20160501 12 16      1.33   1136.45
20160511 10 14      1.37   1136.49
20160521  8 13      1.38   1136.50
20160531  6 11      1.36   1136.48
20160610  4 10      1.34   1136.46
20160620  2  9      1.31   1136.43
20160629  0  7      1.27   1136.39
20160709 22  6      1.23   1136.35
20160719 20  4      1.19   1136.31
20160729 18  3      1.13   1136.25
20160808 16  1      1.08   1136.20
20160818 14  0    999.99   9999.99
20160828 11 58      1.02   1136.14
20160907  9 57      0.98   1136.10
20160917  7 55      0.94   1136.06
20160927  5 54      0.92   1136.04
20161007  3 52      0.90   1136.02
20161017  1 51      0.89   1136.01
20161026 23 49      0.88   1136.00
20161105 21 48      0.87   1135.99
20161115 19 46      0.86   1135.98
20161125 17 45      0.85   1135.97
20161205 15 43      0.83   1135.95
20161215 13 42      0.81   1135.93
20161225 11 41      0.78   1135.90
20170104  9 39      0.74   1135.86
20170114  7 38      0.71   1135.83
20170124  5 36      0.67   1135.79
20170203  3 35      0.64   1135.76
20170213  1 33      0.62   1135.74
20170222 23 32      0.62   1135.74
20170304 21 30      0.63   1135.75
20170314 19 29      0.64   1135.76
20170324 17 27      0.66   1135.78
20170403 15 26      0.68   1135.80
20170413 13 24      0.70   1135.82
20170423 11 23      0.74   1135.86
20170503  9 21      0.78   1135.90
20170513  7 20      0.81   1135.93
20170523  5 18      0.83   1135.95
20170602  3 17      0.81   1135.93
20170612  1 16      0.78   1135.90
20170621 23 14      0.73   1135.85
20170701 21 13      0.69   1135.81
20170711 19 11      0.65   1135.77
20170721 17 10      0.62   1135.74
20170731 15  8      0.59   1135.71
20170810 13  7      0.57   1135.69
20170820 11  5      0.56   1135.68
20170830  9  4      0.55   1135.67
20170909  7  2      0.54   1135.66
20170919  5  1      0.53   1135.65
20170929  2 59      0.53   1135.65
20171009  0 58      0.53   1135.65
20171018 22 56      0.55   1135.67
20171028 20 55      0.57   1135.69
20171107 18 53      0.60   1135.72
20171117 16 52      0.62   1135.74
20171127 14 50    999.99   9999.99
20171207 12 49      0.63   1135.75
20171217 10 47      0.63   1135.75
20171227  8 46      0.62   1135.74
20180106  6 45      0.60   1135.72
20180116  4 43      0.57   1135.69
20180126  2 42      0.55   1135.67
20180204  0 40      0.53   1135.65
20180214 22 39      0.52   1135.64
20180224 20 37      0.52   1135.64
20180306 18 36      0.54   1135.66
20180316 16 34      0.58   1135.70
20180326 14 33      0.64   1135.76
20180405 12 31      0.72   1135.84
20180415 10 30      0.83   1135.95
20180425  8 28      0.93   1136.05
20180505  6 27    999.99   9999.99
20180515  4 25      1.02   1136.14
20180525  2 24      1.09   1136.21
20180603  0 22      1.13   1136.25
20180613 22 21      1.13   1136.25
20180623 20 20      1.12   1136.24
20180703 18 18      1.09   1136.21
20180713 16 17      1.05   1136.17
20180723 14 15      1.01   1136.13
20180802 12 14      0.97   1136.09
20180812 10 12      0.93   1136.05
20180822  8 11      0.90   1136.02
20180901  6  9      0.89   1136.01
20180911  4  8      0.87   1135.99
20180921  2  6      0.85   1135.97
20180930  0  5      0.84   1135.96
20181010 22  3      0.83   1135.95
20181020 20  2      0.81   1135.93
20181030 18  0      0.81   1135.93
20181109 15 59      0.81   1135.93
20181119 13 57      0.82   1135.94
20181129 11 56      0.83   1135.95
20181209  9 54      0.84   1135.96
20181219  7 53      0.84   1135.96
20181229  5 51      0.85   1135.97
20190108  3 50      0.85   1135.97
20190118  1 49      0.85   1135.97
20190127 23 47      0.84   1135.96
20190206 21 46      0.83   1135.95
20190216 19 44      0.82   1135.94
99999999 99 99    999.99   9999.99
20190308 15 41      0.81   1135.93
20190318 13 40      0.79   1135.91
20190328 11 38      0.79   1135.91
99999999 99 99    999.99   9999.99
20190417  7 35      0.79   1135.91
20190427  5 34      0.79   1135.91
20190507  3 32      0.81   1135.93
20190517  1 31      0.83   1135.95
20190526 23 29      0.85   1135.97
20190605 21 28      0.87   1135.99
20190615 19 26      0.89   1136.01
20190625 17 25      0.90   1136.02
20190705 15 23      0.90   1136.02
20190715 13 22      0.88   1136.00
20190725 11 21    999.99   9999.99
20190804  9 19      0.86   1135.98
20190814  7 18    999.99   9999.99
20190824  5 16      0.83   1135.95
20190903  3 15      0.80   1135.92
20190913  1 13      0.79   1135.91
20190922 23 12      0.79   1135.91
20191002 21 10      0.81   1135.93
20191012 19  9      0.85   1135.97
20191022 17  7      0.89   1136.01
20191101 15  6      0.93   1136.05
20191111 13  4      1.01   1136.13
20191121 11  3      1.10   1136.22
20191201  9  1    999.99   9999.99
20191211  7  0      1.19   1136.31
20191221  4 58      1.27   1136.39
20191231  2 57      1.37   1136.49
20200109  0 55      1.41   1136.53
20200119 22 54      1.47   1136.59
20200129 20 52      1.53   1136.65
99999999 99 99    999.99   9999.99
20200218 16 50      1.59   1136.71
20200228 14 48      1.65   1136.77
20200309 12 47      1.74   1136.86
20200319 10 45      1.79   1136.91
20200329  8 44      1.84   1136.96
20200408  6 42      1.90   1137.02
20200418  4 41      1.97   1137.09
20200428  2 39      2.02   1137.14
20200507  0 38      2.07   1137.19
20200517 22 36      2.11   1137.23
20200527 20 35      2.12   1137.24
20200606 18 33      2.09   1137.21
99999999 99 99    999.99   9999.99
20200626 14 30      2.06   1137.18
20200706 12 29      2.02   1137.14
20200716 10 27      1.98   1137.10
20200726  8 26      1.93   1137.05
20200805  6 24      1.89   1137.01
20200815  4 23      1.85   1136.97
20200825  2 22      1.81   1136.93
20200903  0 20      1.79   1136.91
20200913 22 19      1.78   1136.90
20200923 20 17      1.77   1136.89
20201003 18 16      1.77   1136.89
20201013 16 14      1.77   1136.89
20201023 14 13      1.78   1136.90
20201102 12 11      1.81   1136.93
20201112 10 10      1.85   1136.97
20201122  8  8      1.88   1137.00
20201202  6  7      1.92   1137.04
20201212  4  5      1.94   1137.06
20201222  2  4      1.95   1137.07
20201231  0  2      1.96   1137.08
20210110 22  1      1.97   1137.09
20210120 19 59      1.98   1137.10
20210130 17 58      1.99   1137.11
20210209 15 56      1.99   1137.11
20210219 13 55      1.99   1137.11
20210301 11 53      1.98   1137.10
20210311  9 52      1.97   1137.09
20210321  7 51      1.97   1137.09
20210331  5 49      1.97   1137.09
20210410  3 48      1.98   1137.10
20210420  1 46      2.02   1137.14
20210429 23 45      2.06   1137.18
20210509 21 43      2.09   1137.21
20210519 19 42      2.12   1137.24
20210529 17 40      2.12   1137.24
20210608 15 39      2.10   1137.22
20210618 13 37      2.05   1137.17
20210628 11 36      1.99   1137.11
20210708  9 34      1.93   1137.05
20210718  7 33      1.86   1136.98
20210728  5 31      1.79   1136.91
20210807  3 30      1.74   1136.86
20210817  1 28      1.69   1136.81
20210826 23 27      1.65   1136.77
20210905 21 25      1.63   1136.75
20210915 19 24      1.61   1136.73
20210925 17 23      1.60   1136.72
20211005 15 21      1.60   1136.72
20211015 13 20      1.60   1136.72
20211025 11 18      1.59   1136.71
20211104  9 17      1.59   1136.71
20211114  7 15      1.57   1136.69
20211124  5 14      1.56   1136.68
20211204  3 12      1.55   1136.67
20211214  1 11      1.55   1136.67
20211223 23  9      1.55   1136.67
20220102 21  8      1.54   1136.66
20220112 19  6      1.54   1136.66
20220122 17  5      1.55   1136.67
20220201 15  3      1.56   1136.68
20220211 13  2      1.57   1136.69
20220221 11  0      1.58   1136.70
20220303  8 59      1.59   1136.71
20220313  6 57      1.59   1136.71
20220323  4 56      1.57   1136.69
20220402  2 55      1.60   1136.72
