Date,Average
20220501,9.89
20220502,9.9
20220503,9.91
20220504,9.92
20220505,9.95
20220506,9.92
20220507,9.92
20220508,9.96
20220509,9.93
20220510,9.95
20220511,9.91
20220512,9.91
20220513,9.92
20220514,9.91
20220515,9.9
20220516,9.89
20220517,9.89
20220518,9.88
20220519,9.87
20220520,9.87
20220521,9.87
20220522,9.87
20220523,9.91
20220524,9.91
20220525,9.9
20220526,9.88
20220527,9.87
20220528,9.82
20220529,9.86
20220530,9.86
20220531,9.85
20220601,9.83
20220602,9.82
20220603,9.82
20220604,9.82
20220605,9.82
20220606,9.83
20220607,9.84
20220608,9.83
20220609,9.82
20220610,9.82
20220611,9.82
20220612,9.83
20220613,9.84
20220614,9.85
20220615,9.87
20220616,9.88
20220617,9.88
20220618,9.89
20220619,9.89
20220620,9.91
20220621,9.94
20220622,9.95
20220623,9.96
20220624,9.98
20220625,9.99
20220626,9.99
20220627,9.98
20220628,9.99
20220629,10.02
20220630,10.04
20220701,10.05
20220702,10.09
20220703,10.12
20220704,10.16
20220705,10.18
20220706,10.2
20220707,10.23
20220708,10.2
20220709,10.26
20220710,10.35
20220711,10.43
20220712,10.54
20220713,10.61
20220714,10.64
20220715,10.69
20220716,10.8
20220717,10.99
20220718,11.07
20220719,11.15
20220720,11.22
20220721,11.3
20220722,11.41
20220723,11.43
20220724,11.55
20220725,11.62
20220726,11.66
20220727,11.84
20220728,11.96
20220729,12.07
20220730,12.15
20220731,12.26
20220801,12.37
20220802,12.51
20220803,12.63
20220804,12.72
20220805,12.85
20220806,13
20220807,13.12
20220808,13.2
20220809,13.29
20220810,13.4
20220811,13.47
20220812,13.58
20220813,13.66
20220814,13.74
20220815,13.83
20220816,13.97
20220817,14.07
20220818,14.05
20220819,14.12
20220820,14.17
20220821,14.18
20220822,14.22
20220823,14.27
20220824,14.3
20220825,14.33
20220826,14.34
20220827,14.34
20220828,14.36
20220829,14.34
20220830,14.34
20220831,14.35
20220901,14.35
20220902,14.35
20220903,14.33
20220904,14.28
20220905,14.24
20220906,14.18
20220907,14.13
20220908,13.99
20220909,13.95
20220910,13.88
20220911,13.79
20220912,13.72
20220913,13.63
20220914,13.51
20220915,13.41
20220916,13.3
20220917,13.21
20220918,13.1
20220919,13.01
20220920,12.94
20220921,12.87
20220922,12.83
20220923,12.77
20220924,12.69
20220925,12.63
20220926,12.56
20220927,12.5
20220928,12.43
20220929,12.39
20220930,12.32
20221001,12.25
20221002,12.19
20221003,12.13
20221004,12.09
20221005,12.05
20221006,12.03
20221007,11.97
20221008,11.93
20221009,11.91
20221010,11.89
20221011,11.88
20221012,11.87
20221013,11.83
20221014,11.76
20221015,11.73
20221016,11.7
20221017,11.7
20221018,11.67
20221019,11.61
20221020,11.53
20221021,11.5
20221022,11.46
20221023,11.43
20221024,11.39
20221025,11.33
20221026,11.31
20221027,11.28
20221028,11.23
20221029,11.13
20221030,11.08
20221031,11.07
20221101,11.03
20221102,10.98
20221103,10.93
20221104,10.88
20221105,10.79
20221106,10.75
20221107,10.75
20221108,10.7
20221109,10.68
20221110,10.66
20221111,10.62
20221112,10.58
20221113,10.56
20221114,10.55
20221115,10.5
20221116,10.49
20221117,10.44
20221118,10.41
20221119,10.37
20221120,10.34
20221121,10.3
20221122,10.28
20221123,10.25
20221124,10.22
20221125,10.2
20221126,10.19
20221127,10.19
20221128,10.19
20221129,10.18
20221130,10.13
20221201,10.12
20221202,10.11
20221203,10.1
20221204,10.09
20221205,10.08
20221206,10.06
20221207,10.05
20221208,10.03
20221209,10.02
20221210,10
20221211,9.99
20221212,9.97
20221213,9.96
20221214,9.95
20221215,9.94
20221216,9.93
20221217,9.91
20221218,9.9
20221219,9.88
20221220,9.86
20221221,9.85
20221222,9.86
20221223,9.85
20221224,9.85
20221225,9.84
20221226,9.84
20221227,9.83
20221228,9.81
20221229,9.79
20221230,9.78
20221231,9.74
20230101,9.79
20230102,9.78
20230103,9.76
20230104,9.73
20230105,9.72
20230106,9.7
20230107,9.7
20230108,9.71
20230109,9.71
20230110,9.7
20230111,9.7
20230112,9.69
20230113,9.68
20230114,9.68
20230115,9.69
20230116,9.7
20230117,9.71
20230118,9.7
20230119,9.7
20230120,9.71
20230121,9.69
20230122,9.68
20230123,9.67
20230124,9.66
20230125,9.67
20230126,9.66
20230127,9.65
20230128,9.65
20230129,9.65
20230130,9.65
20230131,9.65
20230201,9.63
20230202,9.62
20230203,9.62
20230204,9.63
20230205,9.63
20230206,9.62
20230207,9.6
20230208,9.61
20230209,9.58
20230210,9.58
20230211,9.6
20230212,9.56
20230213,9.55
20230214,9.55
20230215,9.55
20230216,9.54
20230217,9.53
20230218,9.52
20230219,9.52
20230220,9.49
20230221,9.48
20230222,9.47
20230223,9.49
20230224,9.49
20230225,9.49
20230226,9.47
20230227,9.5
20230228,9.49
20230301,9.47
20230302,9.47
20230303,9.46
20230304,9.43
20230305,9.43
20230306,9.43
20230307,9.44
20230308,9.42
20230309,9.45
20230310,9.45
20230311,9.42
20230312,9.43
20230313,9.46
20230314,9.44
20230315,9.45
20230316,9.44
20230317,9.4
20230318,9.42
20230319,9.39
20230320,9.39
20230321,9.4
20230322,9.43
20230323,9.42
20230324,9.43
20230325,9.44
20230326,9.46
20230327,9.49
20230328,9.49
20230329,9.46
20230330,9.44
20230331,9.47
20230401,9.48
20230402,9.54
20230403,9.58
20230404,9.62
20230405,9.65
20230406,9.67
20230407,9.69
20230408,9.69
20230409,9.73
20230410,9.73
20230411,9.73
20230412,9.79
20230413,9.82
20230414,9.79
20230415,9.83
20230416,9.82
20230417,9.84
20230418,9.84
20230419,9.84
20230420,9.85
20230421,9.86
20230422,9.87
20230423,9.87
20230424,9.88
20230425,9.87
20230426,9.86
20230427,9.87
20230428,9.9
20230429,9.88
20230430,9.87
