Date,Average
20220501,10.17
20220502,10.18
20220503,10.18
20220504,10.16
20220505,10.18
20220506,10.17
20220507,10.16
20220508,10.14
20220509,10.13
20220510,10.21
20220511,10.21
20220512,10.22
20220513,10.23
20220514,10.24
20220515,10.15
20220516,10.21
20220517,10.28
20220518,10.25
20220519,10.27
20220520,10.23
20220521,10.28
20220522,10.32
20220523,10.32
20220524,10.31
20220525,10.31
20220526,10.37
20220527,10.38
20220528,10.36
20220529,10.36
20220530,10.33
20220531,10.34
20220601,10.39
20220602,10.4
20220603,10.35
20220604,10.35
20220605,10.37
20220606,10.41
20220607,10.39
20220608,10.4
20220609,10.49
20220610,10.49
20220611,10.47
20220612,10.46
20220613,10.42
20220614,10.44
20220615,10.47
20220616,10.49
20220617,10.5
20220618,10.56
20220619,10.58
20220620,10.53
20220621,10.51
20220622,10.52
20220623,10.52
20220624,10.59
20220625,10.76
20220626,10.76
20220627,10.87
20220628,10.98
20220629,10.94
20220630,11.15
20220701,11.13
20220702,11.37
20220703,11.42
20220704,11.6
20220705,11.61
20220706,11.58
20220707,11.53
20220708,11.62
20220709,11.56
20220710,11.59
20220711,11.74
20220712,11.81
20220713,11.78
20220714,11.87
20220715,11.91
20220716,11.93
20220717,11.91
20220718,12
20220719,12.05
20220720,11.99
20220721,12.2
20220722,12.22
20220723,12.31
20220724,12.26
20220725,12.35
20220726,12.42
20220727,12.46
20220728,12.57
20220729,12.68
20220730,12.73
20220731,12.94
20220801,12.97
20220802,13.08
20220803,13.12
20220804,13.12
20220805,13.18
20220806,13.32
20220807,13.38
20220808,13.42
20220809,13.49
20220810,13.56
20220811,13.61
20220812,13.74
20220813,13.8
20220814,13.81
20220815,13.84
20220816,13.85
20220817,13.93
20220818,13.94
20220819,13.98
20220820,13.98
20220821,14.03
20220822,14.04
20220823,14.01
20220824,14.05
20220825,14.04
20220826,14.11
20220827,14.09
20220828,14.14
20220829,14.09
20220830,14.05
20220831,13.94
20220901,13.92
20220902,13.89
20220903,13.93
20220904,13.88
20220905,13.84
20220906,13.87
20220907,13.85
20220908,13.71
20220909,13.6
20220910,13.53
20220911,13.45
20220912,13.38
20220913,13.32
20220914,13.26
20220915,13.08
20220916,12.98
20220917,12.93
20220918,12.94
20220919,12.82
20220920,12.65
20220921,12.6
20220922,12.48
20220923,12.43
20220924,12.32
20220925,12.29
20220926,12.22
20220927,12.16
20220928,12.1
20220929,12.02
20220930,12.03
20221001,12.02
20221002,11.98
20221003,11.95
20221004,11.91
20221005,11.9
20221006,11.86
20221007,11.78
20221008,11.8
20221009,11.78
20221010,11.75
20221011,11.7
20221012,11.69
20221013,11.68
20221014,11.67
20221015,11.66
20221016,11.59
20221017,11.57
20221018,11.52
20221019,11.49
20221020,11.41
20221021,11.38
20221022,11.42
20221023,11.35
20221024,11.33
20221025,11.29
20221026,11.24
20221027,11.21
20221028,11.13
20221029,11.12
20221030,11.04
20221031,11.01
20221101,10.95
20221102,10.92
20221103,10.87
20221104,10.83
20221105,10.79
20221106,10.75
20221107,10.75
20221108,10.77
20221109,10.66
20221110,10.6
20221111,10.57
20221112,10.52
20221113,10.48
20221114,10.46
20221115,10.45
20221116,10.43
20221117,10.42
20221118,10.4
20221119,10.38
20221120,10.37
20221121,10.34
20221122,10.31
20221123,10.29
20221124,10.27
20221125,10.26
20221126,10.24
20221127,10.21
20221128,10.2
20221129,10.19
20221130,10.19
20221201,10.21
20221202,10.19
20221203,10.17
20221204,10.16
20221205,10.15
20221206,10.14
20221207,10.13
20221208,10.13
20221209,10.13
20221210,10.12
20221211,10.11
20221212,10.1
20221213,10.09
20221214,10.08
20221215,10.06
20221216,10.05
20221217,10.04
20221218,10.02
20221219,10.02
20221220,10.01
20221221,10
20221222,9.99
20221223,9.99
20221224,9.98
20221225,9.98
20221226,9.97
20221227,9.96
20221228,9.96
20221229,9.95
20221230,9.94
20221231,9.77
20230101,9.95
20230102,9.94
20230103,9.94
20230104,9.93
20230105,9.92
20230106,9.91
20230107,9.91
20230108,9.91
20230109,9.9
20230110,9.93
20230111,9.93
20230112,9.92
20230113,9.92
20230114,9.91
20230115,9.91
20230116,9.91
20230117,9.9
20230118,9.89
20230119,9.92
20230120,9.92
20230121,9.91
20230122,9.91
20230123,9.91
20230124,9.91
20230125,9.91
20230126,9.9
20230127,9.9
20230128,9.9
20230129,9.92
20230130,9.91
20230131,9.9
20230201,9.89
20230202,9.89
20230203,9.91
20230204,9.93
20230205,9.91
20230206,9.91
20230207,9.9
20230208,9.88
20230209,9.89
20230210,9.88
20230211,9.88
20230212,9.88
20230213,9.89
20230214,9.88
20230215,9.87
20230216,9.87
20230217,9.91
20230218,9.91
20230219,9.91
20230220,9.9
20230221,9.9
20230222,9.9
20230223,9.9
20230224,9.89
20230225,9.88
20230226,9.94
20230227,9.9
20230228,9.89
20230301,9.96
20230302,9.94
20230303,9.94
20230304,9.94
20230305,9.94
20230306,9.93
20230307,9.92
20230308,9.95
20230309,9.94
20230310,9.94
20230311,9.94
20230312,9.95
20230313,9.96
20230314,9.98
20230315,9.99
20230316,10
20230317,10.01
20230318,10.03
20230319,10.04
20230320,10.06
20230321,10.11
20230322,10.14
20230323,10.17
20230324,10.23
20230325,10.2
20230326,10.2
20230327,10.21
20230328,10.22
20230329,10.23
20230330,10.23
20230331,10.24
20230401,10.25
20230402,10.26
20230403,10.27
20230404,10.29
20230405,10.3
20230406,10.3
20230407,10.3
20230408,10.3
20230409,10.3
20230410,10.3
20230411,10.3
20230412,10.28
20230413,10.26
20230414,10.29
20230415,10.28
20230416,10.28
20230417,10.29
20230418,10.29
20230419,10.27
20230420,10.26
20230421,10.24
20230422,10.23
20230423,10.22
20230424,10.28
20230425,10.3
20230426,10.34
20230427,10.33
20230428,10.29
20230429,10.3
20230430,10.18
