Date,Average
20220501,10.76
20220502,10.76
20220503,10.77
20220504,10.78
20220505,10.79
20220506,10.8
20220507,10.81
20220508,10.82
20220509,10.82
20220510,10.83
20220511,10.84
20220512,10.86
20220513,10.86
20220514,10.88
20220515,10.89
20220516,10.9
20220517,10.92
20220518,10.93
20220519,10.95
20220520,10.97
20220521,10.99
20220522,11.01
20220523,11.03
20220524,11.04
20220525,11.06
20220526,11.08
20220527,11.1
20220528,11.11
20220529,11.13
20220530,11.15
20220531,11.19
20220601,11.2
20220602,11.22
20220603,11.24
20220604,11.25
20220605,11.28
20220606,11.29
20220607,11.31
20220608,11.34
20220609,11.36
20220610,11.38
20220611,11.4
20220612,11.42
20220613,11.45
20220614,11.47
20220615,11.49
20220616,11.5
20220617,11.52
20220618,11.54
20220619,11.56
20220620,11.58
20220621,11.61
20220622,11.62
20220623,11.64
20220624,11.66
20220625,11.68
20220626,11.7
20220627,11.72
20220628,11.74
20220629,11.75
20220630,11.78
20220701,11.8
20220702,11.82
20220703,11.83
20220704,11.84
20220705,11.86
20220706,11.87
20220707,11.89
20220708,11.9
20220709,11.91
20220710,11.93
20220711,11.95
20220712,11.96
20220713,11.97
20220714,11.99
20220715,12.01
20220716,12.02
20220717,12.03
20220718,12.05
20220719,12.06
20220720,12.07
20220721,12.08
20220722,12.1
20220723,12.11
20220724,12.12
20220725,12.13
20220726,12.14
20220727,12.16
20220728,12.17
20220729,12.18
20220730,12.18
20220731,12.2
20220801,12.21
20220802,12.22
20220803,12.24
20220804,12.25
20220805,12.26
20220806,12.27
20220807,12.28
20220808,12.29
20220809,12.3
20220810,12.31
20220811,12.32
20220812,12.33
20220813,12.34
20220814,12.35
20220815,12.36
20220816,12.37
20220817,12.38
20220818,12.39
20220819,12.4
20220820,12.41
20220821,12.42
20220822,12.43
20220823,12.44
20220824,12.45
20220825,12.46
20220826,12.46
20220827,12.47
20220828,12.48
20220829,12.49
20220830,12.5
20220831,12.51
20220901,12.52
20220902,12.53
20220903,12.53
20220904,12.54
20220905,12.55
20220906,12.56
20220907,12.56
20220908,12.57
20220909,12.58
20220910,12.59
20220911,12.6
20220912,12.6
20220913,12.61
20220914,12.62
20220915,12.62
20220916,12.63
20220917,12.63
20220918,12.64
20220919,12.65
20220920,12.65
20220921,12.66
20220922,12.66
20220923,12.66
20220924,12.67
20220925,12.67
20220926,12.67
20220927,12.67
20220928,12.67
20220929,12.68
20220930,12.69
20221001,12.7
20221002,12.71
20221003,12.71
20221004,12.71
20221005,12.72
20221006,12.72
20221007,12.73
20221008,12.73
20221009,12.74
20221010,12.74
20221011,12.74
20221012,12.75
20221013,12.75
20221014,12.76
20221015,12.76
20221016,12.76
20221017,12.76
20221018,12.77
20221019,12.77
20221020,12.77
20221021,12.77
20221022,12.78
20221023,12.78
20221024,12.78
20221025,12.79
20221026,12.79
20221027,12.79
20221028,12.79
20221029,12.79
20221030,12.79
20221031,12.79
20221101,12.79
20221102,12.79
20221103,12.79
20221104,12.79
20221105,12.79
20221106,12.79
20221107,12.79
20221108,12.79
20221109,12.79
20221110,12.79
20221111,12.79
20221112,12.79
20221113,12.79
20221114,12.79
20221115,12.79
20221116,12.79
20221117,12.78
20221118,12.78
20221119,12.78
20221120,12.78
20221121,12.77
20221122,12.77
20221123,12.79
20221124,12.79
20221125,12.78
20221126,12.78
20221127,12.77
20221128,12.79
20221129,12.79
20221130,12.79
20221201,12.78
20221202,12.76
20221203,12.77
20221204,12.76
20221205,12.73
20221206,12.72
20221207,12.71
20221208,12.7
20221209,12.69
20221210,12.68
20221211,12.67
20221212,12.66
20221213,12.65
20221214,12.64
20221215,12.63
20221216,12.62
20221217,12.57
20221218,12.56
20221219,12.54
20221220,12.52
20221221,12.51
20221222,12.49
20221223,12.48
20221224,12.46
20221225,12.45
20221226,12.43
20221227,12.41
20221228,12.4
20221229,12.38
20221230,12.37
20221231,12.48
20230101,12.32
20230102,12.3
20230103,12.28
20230104,12.26
20230105,12.24
20230106,12.23
20230107,12.18
20230108,12.18
20230109,12.17
20230110,12.14
20230111,12.13
20230112,12.11
20230113,12.08
20230114,12.06
20230115,12.04
20230116,12.02
20230117,12
20230118,11.97
20230119,11.95
20230120,11.93
20230121,11.91
20230122,11.89
20230123,11.86
20230124,11.84
20230125,11.82
20230126,11.81
20230127,11.78
20230128,11.76
20230129,11.74
20230130,11.72
20230131,11.7
20230201,11.68
20230202,11.66
20230203,11.59
20230204,11.57
20230205,11.55
20230206,11.53
20230207,11.5
20230208,11.48
20230209,11.46
20230210,11.44
20230211,11.42
20230212,11.4
20230213,11.39
20230214,11.37
20230215,11.34
20230216,11.33
20230217,11.31
20230218,11.29
20230219,11.27
20230220,11.25
20230221,11.24
20230222,11.22
20230223,11.21
20230224,11.2
20230225,11.18
20230226,11.17
20230227,11.16
20230228,11.14
20230301,11.11
20230302,11.1
20230303,11.08
20230304,11.07
20230305,11.06
20230306,11.04
20230307,11.04
20230308,11.03
20230309,11.02
20230310,11.01
20230311,11
20230312,10.99
20230313,10.98
20230314,10.97
20230315,10.96
20230316,10.96
20230317,10.95
20230318,10.94
20230319,10.9
20230320,10.9
20230321,10.89
20230322,10.88
20230323,10.87
20230324,10.86
20230325,10.86
20230326,10.86
20230327,10.85
20230328,10.85
20230329,10.85
20230330,10.84
20230331,10.87
20230401,10.87
20230402,10.86
20230403,10.86
20230404,10.86
20230405,10.86
20230406,10.85
20230407,10.84
20230408,10.84
20230409,10.84
20230410,10.83
20230411,10.83
20230412,10.82
20230413,10.82
20230414,10.81
20230415,10.81
20230416,10.81
20230417,10.8
20230418,10.8
20230419,10.79
20230420,10.76
20230421,10.76
20230422,10.76
20230423,10.76
20230424,10.75
20230425,10.75
20230426,10.75
20230427,10.75
20230428,10.75
20230429,10.75
20230430,10.75
