Date,Average
20210501,11.09
20210502,11.09
20210503,11.07
20210504,11.06
20210505,11.05
20210506,11.05
20210507,11.03
20210508,11.02
20210509,11.03
20210510,11.05
20210511,11.06
20210512,11.02
20210513,11.04
20210514,11.02
20210515,10.98
20210516,10.95
20210517,10.94
20210518,10.93
20210519,10.97
20210520,10.94
20210521,10.94
20210522,10.96
20210523,10.94
20210524,10.93
20210525,10.93
20210526,10.93
20210527,10.91
20210528,10.92
20210529,10.85
20210530,10.84
20210531,10.83
20210601,10.86
20210602,10.88
20210603,10.9
20210604,10.89
20210605,10.89
20210606,10.96
20210607,11
20210608,11
20210609,10.97
20210610,11.02
20210611,11.05
20210612,11.03
20210613,11.05
20210614,11.05
20210615,11.07
20210616,11.05
20210617,11.16
20210618,11.19
20210619,11.2
20210620,11.21
20210621,11.21
20210622,11.22
20210623,11.27
20210624,11.32
20210625,11.4
20210626,11.47
20210627,11.53
20210628,11.53
20210629,11.54
20210630,11.52
20210701,11.57
20210702,11.61
20210703,11.67
20210704,11.7
20210705,11.71
20210706,11.78
20210707,11.84
20210708,11.89
20210709,11.92
20210710,11.98
20210711,12.11
20210712,12.19
20210713,12.27
20210714,12.38
20210715,12.44
20210716,12.52
20210717,12.62
20210718,12.72
20210719,12.81
20210720,12.89
20210721,12.95
20210722,13.04
20210723,13.14
20210724,13.27
20210725,13.42
20210726,13.57
20210727,13.68
20210728,13.8
20210729,13.9
20210730,14
20210731,14.1
20210801,14.23
20210802,14.36
20210803,14.51
20210804,14.66
20210805,14.72
20210806,14.79
20210807,14.87
20210808,14.93
20210809,15.03
20210810,15.12
20210811,15.23
20210812,15.3
20210813,15.37
20210814,15.45
20210815,15.55
20210816,15.58
20210817,15.62
20210818,15.7
20210819,15.78
20210820,15.84
20210821,15.85
20210822,15.88
20210823,15.87
20210824,15.85
20210825,15.86
20210826,15.85
20210827,15.85
20210828,15.83
20210829,15.79
20210830,15.77
20210831,15.75
20210901,15.77
20210902,15.75
20210903,15.72
20210904,15.68
20210905,15.62
20210906,15.51
20210907,15.41
20210908,15.33
20210909,15.25
20210910,15.16
20210911,15.05
20210912,14.86
20210913,14.81
20210914,14.74
20210915,14.66
20210916,14.58
20210917,14.51
20210918,14.42
20210919,14.37
20210920,14.28
20210921,14.19
20210922,14.15
20210923,14.09
20210924,14.01
20210925,13.93
20210926,13.87
20210927,13.82
20210928,13.73
20210929,13.71
20210930,13.67
20211001,13.58
20211002,13.4
20211003,13.3
20211004,13.34
20211005,13.35
20211006,13.36
20211007,13.31
20211008,13.29
20211009,13.24
20211010,13.18
20211011,13.17
20211012,13.11
20211013,13.01
20211014,12.96
20211015,12.93
20211016,12.9
20211017,12.86
20211018,12.88
20211019,12.85
20211020,12.77
20211021,12.7
20211022,12.65
20211023,12.53
20211024,12.53
20211025,12.48
20211026,12.41
20211027,12.35
20211028,12.36
20211029,12.3
20211030,12.22
20211031,12.2
20211101,12.2
20211102,12.17
20211103,12.1
20211104,12.07
20211105,12.05
20211106,11.99
20211107,11.94
20211108,11.87
20211109,11.81
20211110,11.76
20211111,11.72
20211112,11.7
20211113,11.68
20211114,11.66
20211115,11.63
20211116,11.59
20211117,11.6
20211118,11.56
20211119,11.5
20211120,11.52
20211121,11.48
20211122,11.45
20211123,11.44
20211124,11.4
20211125,11.37
20211126,11.36
20211127,11.32
20211128,11.3
20211129,11.29
20211130,11.29
20211201,11.26
20211202,11.2
20211203,11.18
20211204,11.17
20211205,11.2
20211206,11.18
20211207,11.16
20211208,11.14
20211209,11.11
20211210,11.09
20211211,11.08
20211212,11.06
20211213,11.02
20211214,11.03
20211215,11.01
20211216,11.03
20211217,11.02
20211218,11.02
20211219,10.99
20211220,10.99
20211221,10.98
20211222,10.96
20211223,10.94
20211224,10.92
20211225,10.91
20211226,10.9
20211227,10.88
20211228,10.88
20211229,10.88
20211230,10.88
20211231,10.95
20220101,10.87
20220102,10.86
20220103,10.86
20220104,10.87
20220105,10.86
20220106,10.86
20220107,10.85
20220108,10.85
20220109,10.84
20220110,10.84
20220111,10.84
20220112,10.83
20220113,10.82
20220114,10.81
20220115,10.8
20220116,10.8
20220117,10.77
20220118,10.79
20220119,10.77
20220120,10.76
20220121,10.76
20220122,10.75
20220123,10.75
20220124,10.74
20220125,10.76
20220126,10.75
20220127,10.74
20220128,10.73
20220129,10.72
20220130,10.71
20220131,10.68
20220201,10.66
20220202,10.65
20220203,10.63
20220204,10.62
20220205,10.62
20220206,10.6
20220207,10.58
20220208,10.58
20220209,10.58
20220210,10.57
20220211,10.57
20220212,10.57
20220213,10.56
20220214,10.55
20220215,10.54
20220216,10.54
20220217,10.52
20220218,10.52
20220219,10.53
20220220,10.53
20220221,10.52
20220222,10.51
20220223,10.5
20220224,10.49
20220225,10.48
20220226,10.47
20220227,10.47
20220228,10.47
20220301,10.46
20220302,10.47
20220303,10.46
20220304,10.46
20220305,10.45
20220306,10.44
20220307,10.45
20220308,10.44
20220309,10.45
20220310,10.45
20220311,10.45
20220312,10.46
20220313,10.47
20220314,10.47
20220315,10.49
20220316,10.51
20220317,10.54
20220318,10.56
20220319,10.58
20220320,10.59
20220321,10.64
20220322,10.69
20220323,10.7
20220324,10.72
20220325,10.75
20220326,10.78
20220327,10.81
20220328,10.84
20220329,10.85
20220330,10.88
20220331,10.94
20220401,10.97
20220402,11
20220403,11.03
20220404,11.01
20220405,11.04
20220406,11.05
20220407,11.07
20220408,11.08
20220409,11.09
20220410,11.12
20220411,11.14
20220412,11.16
20220413,11.15
20220414,11.15
20220415,11.14
20220416,11.14
20220417,11.15
20220418,11.08
20220419,11.09
20220420,11.12
20220421,11.13
20220422,11.09
20220423,11.08
20220424,11.07
20220425,11.06
20220426,11.06
20220427,11.06
20220428,11.06
20220429,11.06
20220430,11.09
