Date,Average
20210501,6.74
20210502,6.73
20210503,6.74
20210504,6.74
20210505,6.67
20210506,6.73
20210507,6.77
20210508,6.81
20210509,6.84
20210510,6.88
20210511,6.91
20210512,6.9
20210513,6.96
20210514,7.03
20210515,7.03
20210516,7.03
20210517,7.04
20210518,7.08
20210519,7.09
20210520,7.15
20210521,7.11
20210522,7.14
20210523,7.15
20210524,7.2
20210525,7.28
20210526,7.26
20210527,7.35
20210528,7.28
20210529,7.4
20210530,7.45
20210531,7.5
20210601,7.49
20210602,7.6
20210603,7.66
20210604,7.72
20210605,7.68
20210606,7.73
20210607,7.77
20210608,7.77
20210609,7.79
20210610,7.88
20210611,7.96
20210612,7.97
20210613,8.03
20210614,7.99
20210615,8
20210616,8.04
20210617,8.12
20210618,8.13
20210619,8.15
20210620,8.17
20210621,8.28
20210622,8.27
20210623,8.32
20210624,8.37
20210625,8.4
20210626,8.48
20210627,8.52
20210628,8.53
20210629,8.65
20210630,8.66
20210701,8.71
20210702,8.81
20210703,8.84
20210704,8.97
20210705,9.11
20210706,9.14
20210707,9.23
20210708,9.34
20210709,9.37
20210710,9.53
20210711,9.55
20210712,9.64
20210713,9.78
20210714,9.83
20210715,9.9
20210716,9.95
20210717,9.94
20210718,10.02
20210719,10.16
20210720,10.24
20210721,10.39
20210722,10.5
20210723,10.61
20210724,10.68
20210725,10.8
20210726,10.87
20210727,11.02
20210728,11.08
20210729,11.08
20210730,11.17
20210731,11.29
20210801,11.2
20210802,11.2
20210803,11.25
20210804,11.31
20210805,11.35
20210806,11.44
20210807,11.5
20210808,11.57
20210809,11.62
20210810,11.69
20210811,11.79
20210812,11.76
20210813,11.77
20210814,11.83
20210815,11.9
20210816,11.94
20210817,11.9
20210818,11.93
20210819,11.82
20210820,11.81
20210821,11.76
20210822,11.73
20210823,11.76
20210824,11.77
20210825,11.7
20210826,11.66
20210827,11.64
20210828,11.62
20210829,11.63
20210830,11.59
20210831,11.57
20210901,11.6
20210902,11.55
20210903,11.45
20210904,11.37
20210905,11.35
20210906,11.3
20210907,11.28
20210908,11.25
20210909,11.23
20210910,11.16
20210911,11.1
20210912,11.06
20210913,11.06
20210914,11.04
20210915,11
20210916,10.94
20210917,10.91
20210918,10.87
20210919,10.87
20210920,10.78
20210921,10.75
20210922,10.72
20210923,10.69
20210924,10.62
20210925,10.54
20210926,10.49
20210927,10.43
20210928,10.37
20210929,10.31
20210930,10.21
20211001,10.2
20211002,10.24
20211003,10.18
20211004,10.14
20211005,10.02
20211006,9.98
20211007,9.94
20211008,9.87
20211009,9.83
20211010,9.78
20211011,9.77
20211012,9.68
20211013,9.62
20211014,9.62
20211015,9.51
20211016,9.46
20211017,9.35
20211018,9.36
20211019,9.24
20211020,9.26
20211021,9.2
20211022,9.15
20211023,9.14
20211024,9.11
20211025,9
20211026,8.99
20211027,8.99
20211028,8.96
20211029,8.9
20211030,8.87
20211031,8.85
20211101,8.8
20211102,8.71
20211103,8.66
20211104,8.61
20211105,8.57
20211106,8.53
20211107,8.49
20211108,8.47
20211109,8.43
20211110,8.37
20211111,8.33
20211112,8.33
20211113,8.3
20211114,8.28
20211115,8.25
20211116,8.21
20211117,8.17
20211118,8.15
20211119,8.13
20211120,8.08
20211121,8.08
20211122,8.05
20211123,8
20211124,7.99
20211125,7.98
20211126,7.96
20211127,7.92
20211128,7.87
20211129,7.85
20211130,7.82
20211201,7.84
20211202,7.77
20211203,7.78
20211204,7.73
20211205,7.73
20211206,7.71
20211207,7.69
20211208,7.66
20211209,7.64
20211210,7.62
20211211,7.61
20211212,7.57
20211213,7.56
20211214,7.55
20211215,7.53
20211216,7.52
20211217,7.49
20211218,7.48
20211219,7.47
20211220,7.44
20211221,7.43
20211222,7.4
20211223,7.42
20211224,7.38
20211225,7.35
20211226,7.34
20211227,7.32
20211228,7.33
20211229,7.31
20211230,7.28
20211231,7.31
20220101,7.27
20220102,7.25
20220103,7.24
20220104,7.24
20220105,7.21
20220106,7.2
20220107,7.2
20220108,7.19
20220109,7.16
20220110,7.16
20220111,7.15
20220112,7.14
20220113,7.13
20220114,7.12
20220115,7.13
20220116,7.13
20220117,7.1
20220118,7.08
20220119,7.06
20220120,7.07
20220121,7.05
20220122,7.04
20220123,7.03
20220124,7.03
20220125,7.01
20220126,7.01
20220127,7.02
20220128,6.98
20220129,6.98
20220130,6.97
20220131,6.97
20220201,6.93
20220202,6.96
20220203,6.96
20220204,6.94
20220205,6.93
20220206,6.93
20220207,6.9
20220208,6.9
20220209,6.88
20220210,6.89
20220211,6.87
20220212,6.86
20220213,6.84
20220214,6.81
20220215,6.79
20220216,6.8
20220217,6.82
20220218,6.82
20220219,6.83
20220220,6.81
20220221,6.81
20220222,6.81
20220223,6.81
20220224,6.78
20220225,6.81
20220226,6.76
20220227,6.78
20220228,6.76
20220301,6.75
20220302,6.73
20220303,6.71
20220304,6.74
20220305,6.75
20220306,6.71
20220307,6.71
20220308,6.73
20220309,6.73
20220310,6.71
20220311,6.72
20220312,6.73
20220313,6.68
20220314,6.68
20220315,6.71
20220316,6.72
20220317,6.71
20220318,6.68
20220319,6.71
20220320,6.7
20220321,6.7
20220322,6.74
20220323,6.69
20220324,6.68
20220325,6.68
20220326,6.69
20220327,6.7
20220328,6.71
20220329,6.72
20220330,6.71
20220331,6.68
20220401,6.7
20220402,6.7
20220403,6.71
20220404,6.71
20220405,6.66
20220406,6.68
20220407,6.69
20220408,6.68
20220409,6.68
20220410,6.69
20220411,6.69
20220412,6.67
20220413,6.68
20220414,6.7
20220415,6.71
20220416,6.7
20220417,6.67
20220418,6.68
20220419,6.68
20220420,6.72
20220421,6.7
20220422,6.73
20220423,6.72
20220424,6.71
20220425,6.72
20220426,6.72
20220427,6.76
20220428,6.75
20220429,6.74
20220430,6.71
