Date,Min,Max
20210501,10.2,11.38
20210502,10.19,11.39
20210503,10.19,11.39
20210504,10.19,11.4
20210505,10.19,11.41
20210506,10.19,11.43
20210507,10.19,11.44
20210508,10.2,11.45
20210509,10.21,11.46
20210510,10.22,11.46
20210511,10.22,11.47
20210512,10.23,11.47
20210513,10.23,11.48
20210514,10.23,11.49
20210515,10.24,11.5
20210516,10.24,11.52
20210517,10.25,11.53
20210518,10.26,11.56
20210519,10.27,11.6
20210520,10.27,11.62
20210521,10.27,11.65
20210522,10.28,11.67
20210523,10.28,11.69
20210524,10.29,11.71
20210525,10.29,11.73
20210526,10.28,11.74
20210527,10.28,11.76
20210528,10.29,11.77
20210529,10.3,11.79
20210530,10.31,11.81
20210531,10.32,11.83
20210601,10.34,11.84
20210602,10.37,11.86
20210603,10.39,11.88
20210604,10.42,11.9
20210605,10.43,11.92
20210606,10.45,11.94
20210607,10.47,11.96
20210608,10.49,11.98
20210609,10.51,12
20210610,10.54,12.01
20210611,10.56,12.03
20210612,10.59,12.05
20210613,10.62,12.06
20210614,10.66,12.07
20210615,10.69,12.08
20210616,10.73,12.09
20210617,10.76,12.1
20210618,10.8,12.11
20210619,10.84,12.12
20210620,10.87,12.14
20210621,10.9,12.15
20210622,10.94,12.17
20210623,10.97,12.19
20210624,11.01,12.21
20210625,11.03,12.23
20210626,11.07,12.25
20210627,11.1,12.26
20210628,11.13,12.28
20210629,11.16,12.29
20210630,11.2,12.3
20210701,11.22,12.31
20210702,11.25,12.31
20210703,11.28,12.31
20210704,11.31,12.31
20210705,11.33,12.32
20210706,11.36,12.33
20210707,11.38,12.34
20210708,11.4,12.35
20210709,11.43,12.36
20210710,11.45,12.38
20210711,11.47,12.39
20210712,11.49,12.41
20210713,11.51,12.43
20210714,11.53,12.45
20210715,11.55,12.45
20210716,11.57,12.47
20210717,11.58,12.48
20210718,11.59,12.48
20210719,11.61,12.49
20210720,11.62,12.49
20210721,11.63,12.49
20210722,11.65,12.49
20210723,11.66,12.5
20210724,11.68,12.51
20210725,11.69,12.52
20210726,11.71,12.52
20210727,11.72,12.52
20210728,11.74,12.54
20210729,11.75,12.56
20210730,11.76,12.57
20210731,11.77,12.59
20210801,11.78,12.61
20210802,11.79,12.62
20210803,11.8,12.63
20210804,11.81,12.66
20210805,11.82,12.69
20210806,11.83,12.71
20210807,11.84,12.72
20210808,11.85,12.74
20210809,11.86,12.76
20210810,11.87,12.77
20210811,11.88,12.79
20210812,11.9,12.8
20210813,11.91,12.82
20210814,11.92,12.83
20210815,11.93,12.84
20210816,11.95,12.85
20210817,11.96,12.86
20210818,11.97,12.86
20210819,11.97,12.87
20210820,11.98,12.88
20210821,11.99,12.89
20210822,11.99,12.9
20210823,11.99,12.9
20210824,12,12.91
20210825,12,12.92
20210826,12.01,12.93
20210827,12.02,12.94
20210828,12.03,12.95
20210829,12.03,12.96
20210830,12.04,12.97
20210831,12.05,12.98
20210901,12.05,12.99
20210902,12.06,13
20210903,12.06,13
20210904,12.07,13.01
20210905,12.07,13.01
20210906,12.08,13.01
20210907,12.08,13.02
20210908,12.09,13.02
20210909,12.1,13.03
20210910,12.1,13.04
20210911,12.11,13.04
20210912,12.12,13.05
20210913,12.13,13.06
20210914,12.13,13.06
20210915,12.14,13.07
20210916,12.15,13.08
20210917,12.16,13.08
20210918,12.16,13.09
20210919,12.17,13.09
20210920,12.18,13.1
20210921,12.18,13.11
20210922,12.18,13.12
20210923,12.19,13.13
20210924,12.19,13.14
20210925,12.19,13.15
20210926,12.19,13.16
20210927,12.2,13.17
20210928,12.2,13.17
20210929,12.2,13.18
20210930,12.2,13.19
20211001,12.2,13.19
20211002,12.2,13.2
20211003,12.2,13.2
20211004,12.21,13.21
20211005,12.21,13.22
20211006,12.21,13.23
20211007,12.22,13.24
20211008,12.22,13.25
20211009,12.23,13.26
20211010,12.23,13.27
20211011,12.23,13.27
20211012,12.24,13.28
20211013,12.24,13.29
20211014,12.24,13.28
20211015,12.24,13.28
20211016,12.24,13.28
20211017,12.24,13.28
20211018,12.24,13.28
20211019,12.24,13.29
20211020,12.24,13.29
20211021,12.24,13.29
20211022,12.24,13.3
20211023,12.24,13.3
20211024,12.24,13.31
20211025,12.24,13.31
20211026,12.24,13.32
20211027,12.24,13.32
20211028,12.24,13.32
20211029,12.24,13.33
20211030,12.24,13.33
20211031,12.24,13.33
20211101,12.25,13.33
20211102,12.25,13.33
20211103,12.25,13.33
20211104,12.25,13.33
20211105,12.25,13.33
20211106,12.25,13.33
20211107,12.25,13.33
20211108,12.24,13.33
20211109,12.24,13.33
20211110,12.23,13.33
20211111,12.21,13.34
20211112,12.2,13.34
20211113,12.18,13.34
20211114,12.16,13.34
20211115,12.13,13.34
20211116,12.11,13.34
20211117,12.08,13.34
20211118,12.05,13.34
20211119,12.02,13.35
20211120,11.99,13.35
20211121,11.96,13.35
20211122,11.93,13.36
20211123,11.89,13.36
20211124,11.92,13.36
20211125,11.95,13.37
20211126,11.98,13.38
20211127,12.01,13.38
20211128,12.04,13.38
20211129,12.06,13.39
20211130,12.09,13.39
20211201,12.06,13.4
20211202,12.03,13.4
20211203,11.95,13.41
20211204,11.86,13.41
20211205,11.78,13.41
20211206,11.69,13.41
20211207,11.61,13.42
20211208,11.52,13.42
20211209,11.44,13.42
20211210,11.42,13.43
20211211,11.4,13.43
20211212,11.38,13.43
20211213,11.33,13.44
20211214,11.28,13.45
20211215,11.24,13.45
20211216,11.19,13.46
20211217,11.15,13.47
20211218,11.1,13.47
20211219,11.06,13.48
20211220,11.02,13.49
20211221,10.97,13.5
20211222,10.96,13.51
20211223,10.94,13.51
20211224,10.93,13.52
20211225,10.92,13.53
20211226,10.9,13.54
20211227,10.91,13.55
20211228,10.86,13.55
20211229,10.81,13.56
20211230,10.76,13.57
20211231,10.7,13.57
20220101,10.64,13.58
20220102,10.59,13.58
20220103,10.54,13.59
20220104,10.49,13.6
20220105,10.42,13.6
20220106,10.41,13.61
20220107,10.4,13.62
20220108,10.39,13.62
20220109,10.39,13.63
20220110,10.39,13.63
20220111,10.38,13.64
20220112,10.37,13.64
20220113,10.36,13.65
20220114,10.34,13.65
20220115,10.33,13.66
20220116,10.31,13.66
20220117,10.29,13.67
20220118,10.27,13.67
20220119,10.25,13.68
20220120,10.23,13.68
20220121,10.21,13.69
20220122,10.19,13.7
20220123,10.17,13.7
20220124,10.15,13.71
20220125,10.13,13.71
20220126,10.11,13.72
20220127,10.09,13.72
20220128,10.08,13.73
20220129,10.07,13.74
20220130,10.07,13.64
20220131,10.07,13.54
20220201,10.08,13.43
20220202,10.08,13.32
20220203,10.09,13.21
20220204,10.1,13.1
20220205,10.11,12.98
20220206,10.11,12.85
20220207,10.11,12.73
20220208,10.11,12.7
20220209,10.11,12.67
20220210,10.1,12.65
20220211,10.1,12.62
20220212,10.09,12.6
20220213,10.08,12.58
20220214,10.07,12.56
20220215,10.06,12.54
20220216,10.05,12.53
20220217,10.05,12.51
20220218,10.04,12.5
20220219,10.04,12.49
20220220,10.04,12.49
20220221,10.04,12.48
20220222,10.05,12.48
20220223,10.05,12.47
20220224,10.06,12.47
20220225,10.06,12.46
20220226,10.07,12.45
20220227,10.07,12.44
20220228,10.07,12.43
20220301,10.07,12.41
20220302,10.07,12.4
20220303,10.08,12.39
20220304,10.08,12.38
20220305,10.08,12.38
20220306,10.09,12.37
20220307,10.1,12.36
20220308,10.12,12.35
20220309,10.14,12.35
20220310,10.16,12.34
20220311,10.17,12.33
20220312,10.18,12.31
20220313,10.2,12.3
20220314,10.22,12.28
20220315,10.23,12.2
20220316,10.24,12.11
20220317,10.25,12.03
20220318,10.25,11.94
20220319,10.25,11.86
20220320,10.26,11.77
20220321,10.26,11.69
20220322,10.27,11.6
20220323,10.28,11.52
20220324,10.27,11.5
20220325,10.27,11.49
20220326,10.27,11.48
20220327,10.27,11.55
20220328,10.26,11.62
20220329,10.26,11.68
20220330,10.26,11.75
20220331,10.25,11.82
20220401,10.25,11.89
20220402,10.24,11.96
20220403,10.24,12.03
20220404,10.24,12.1
20220405,10.25,12.09
20220406,10.25,12.09
20220407,10.25,12.08
20220408,10.25,12.08
20220409,10.25,12.07
20220410,10.25,12.07
20220411,10.25,12.06
20220412,10.25,12.06
20220413,10.25,12.06
20220414,10.24,12.06
20220415,10.23,12.03
20220416,10.22,11.94
20220417,10.21,11.85
20220418,10.21,11.76
20220419,10.2,11.68
20220420,10.19,11.6
20220421,10.19,11.52
20220422,10.18,11.44
20220423,10.18,11.37
20220424,10.19,11.32
20220425,10.19,11.33
20220426,10.2,11.35
20220427,10.2,11.37
20220428,10.2,11.38
20220429,10.2,11.38
20220430,10.2,11.38
