Date,Min,Max
20220501,6.01,7.88
20220502,5.96,7.85
20220503,5.89,7.84
20220504,5.87,7.9
20220505,5.81,7.95
20220506,5.79,8.04
20220507,5.8,8.13
20220508,5.8,8.19
20220509,5.8,8.23
20220510,5.84,8.33
20220511,5.9,8.41
20220512,5.97,8.49
20220513,5.97,8.55
20220514,6.03,8.59
20220515,6.08,8.56
20220516,6.11,8.57
20220517,6.14,8.59
20220518,6.17,8.61
20220519,6.2,8.6
20220520,6.2,8.59
20220521,6.22,8.63
20220522,6.25,8.61
20220523,6.24,8.69
20220524,6.21,8.7
20220525,6.18,8.74
20220526,6.13,8.79
20220527,6.12,8.89
20220528,6.11,8.96
20220529,6.11,9.01
20220530,6.12,9
20220531,6.14,9.07
20220601,6.19,9.04
20220602,6.26,9.12
20220603,6.33,9.11
20220604,6.4,9.1
20220605,6.44,9.07
20220606,6.48,9.09
20220607,6.53,9.2
20220608,6.56,9.27
20220609,6.6,9.3
20220610,6.64,9.37
20220611,6.71,9.38
20220612,6.77,9.39
20220613,6.84,9.43
20220614,6.92,9.44
20220615,7,9.44
20220616,7.04,9.41
20220617,7.13,9.44
20220618,7.22,9.47
20220619,7.27,9.48
20220620,7.29,9.56
20220621,7.31,9.63
20220622,7.33,9.69
20220623,7.29,9.72
20220624,7.3,9.73
20220625,7.33,9.75
20220626,7.34,9.76
20220627,7.36,9.78
20220628,7.41,9.79
20220629,7.47,9.83
20220630,7.55,9.9
20220701,7.62,10.03
20220702,7.75,10.2
20220703,7.85,10.38
20220704,7.94,10.58
20220705,8.01,10.74
20220706,8.09,10.95
20220707,8.14,11.08
20220708,8.17,11.22
20220709,8.21,11.33
20220710,8.27,11.35
20220711,8.3,11.37
20220712,8.33,11.44
20220713,8.38,11.42
20220714,8.43,11.47
20220715,8.46,11.45
20220716,8.5,11.5
20220717,8.55,11.62
20220718,8.61,11.78
20220719,8.65,11.96
20220720,8.72,12.1
20220721,8.79,12.18
20220722,8.86,12.31
20220723,8.93,12.44
20220724,9.02,12.62
20220725,9.11,12.78
20220726,9.24,12.82
20220727,9.32,12.84
20220728,9.42,12.81
20220729,9.5,12.88
20220730,9.6,12.96
20220731,9.68,12.96
20220801,9.76,12.91
20220802,9.84,12.9
20220803,9.92,12.9
20220804,9.95,12.91
20220805,10,12.93
20220806,10.03,12.97
20220807,10.07,12.97
20220808,10.09,12.99
20220809,10.11,13.07
20220810,10.12,13.14
20220811,10.15,13.22
20220812,10.14,13.31
20220813,10.15,13.36
20220814,10.14,13.39
20220815,10.13,13.4
20220816,10.13,13.47
20220817,10.13,13.46
20220818,10.15,13.47
20220819,10.14,13.48
20220820,10.13,13.49
20220821,10.12,13.46
20220822,10.08,13.45
20220823,10.06,13.42
20220824,10.05,13.45
20220825,10.01,13.44
20220826,9.97,13.48
20220827,9.94,13.5
20220828,9.9,13.54
20220829,9.84,13.55
20220830,9.83,13.58
20220831,9.85,13.51
20220901,9.84,13.51
20220902,9.83,13.49
20220903,9.86,13.42
20220904,9.88,13.34
20220905,9.88,13.24
20220906,9.9,13.13
20220907,9.92,13
20220908,9.91,12.86
20220909,9.91,12.91
20220910,9.9,12.8
20220911,9.9,12.72
20220912,9.88,12.63
20220913,9.86,12.54
20220914,9.85,12.5
20220915,9.82,12.47
20220916,9.77,12.46
20220917,9.71,12.46
20220918,9.63,12.42
20220919,9.56,12.38
20220920,9.47,12.33
20220921,9.38,12.28
20220922,9.3,12.25
20220923,9.24,12.18
20220924,9.19,12.09
20220925,9.15,12.03
20220926,9.11,11.89
20220927,9.09,11.82
20220928,9.08,11.84
20220929,9.09,11.84
20220930,9.06,11.86
20221001,9.04,11.87
20221002,8.98,11.87
20221003,8.91,11.91
20221004,8.84,11.87
20221005,8.77,11.88
20221006,8.7,11.89
20221007,8.63,11.87
20221008,8.53,11.85
20221009,8.47,11.8
20221010,8.4,11.77
20221011,8.35,11.73
20221012,8.3,11.66
20221013,8.26,11.63
20221014,8.22,11.62
20221015,8.18,11.57
20221016,8.14,11.48
20221017,8.1,11.42
20221018,8.06,11.36
20221019,8.01,11.29
20221020,7.97,11.27
20221021,7.92,11.19
20221022,7.88,11.12
20221023,7.84,11.07
20221024,7.81,11.02
20221025,7.77,10.9
20221026,7.74,10.84
20221027,7.71,10.79
20221028,7.68,10.71
20221029,7.65,10.6
20221030,7.63,10.54
20221031,7.6,10.44
20221101,7.58,10.29
20221102,7.56,10.15
20221103,7.53,10.06
20221104,7.51,9.95
20221105,7.49,9.82
20221106,7.46,9.71
20221107,7.44,9.61
20221108,7.42,9.52
20221109,7.4,9.47
20221110,7.37,9.43
20221111,7.35,9.37
20221112,7.33,9.32
20221113,7.32,9.25
20221114,7.3,9.21
20221115,7.29,9.18
20221116,7.27,9.12
20221117,7.25,9.07
20221118,7.24,9.02
20221119,7.23,8.96
20221120,7.21,8.92
20221121,7.2,8.92
20221122,7.18,8.93
20221123,7.16,8.9
20221124,7.14,8.84
20221125,7.13,8.81
20221126,7.11,8.79
20221127,7.09,8.79
20221128,7.08,8.78
20221129,7.06,8.78
20221130,7.05,8.73
20221201,7.04,8.67
20221202,7.03,8.65
20221203,7.02,8.64
20221204,7.01,8.63
20221205,7,8.62
20221206,6.98,8.56
20221207,6.97,8.53
20221208,6.95,8.49
20221209,6.94,8.46
20221210,6.92,8.44
20221211,6.9,8.42
20221212,6.89,8.42
20221213,6.87,8.4
20221214,6.87,8.37
20221215,6.86,8.36
20221216,6.86,8.33
20221217,6.85,8.32
20221218,6.85,8.31
20221219,6.85,8.29
20221220,6.84,8.25
20221221,6.83,8.2
20221222,6.82,8.15
20221223,6.81,8.11
20221224,6.79,8.08
20221225,6.78,8.07
20221226,6.76,8.03
20221227,6.75,7.98
20221228,6.73,7.96
20221229,6.72,7.93
20221230,6.71,7.93
20221231,6.69,7.92
20230101,6.68,7.91
20230102,6.67,7.89
20230103,6.66,7.88
20230104,6.65,7.86
20230105,6.63,7.87
20230106,6.62,7.88
20230107,6.61,7.86
20230108,6.59,7.86
20230109,6.58,7.85
20230110,6.57,7.86
20230111,6.56,7.86
20230112,6.55,7.86
20230113,6.54,7.85
20230114,6.54,7.83
20230115,6.53,7.81
20230116,6.51,7.81
20230117,6.51,7.78
20230118,6.5,7.78
20230119,6.49,7.76
20230120,6.48,7.76
20230121,6.48,7.73
20230122,6.47,7.71
20230123,6.46,7.75
20230124,6.45,7.72
20230125,6.44,7.72
20230126,6.44,7.74
20230127,6.43,7.74
20230128,6.43,7.72
20230129,6.42,7.72
20230130,6.42,7.73
20230131,6.42,7.75
20230201,6.42,7.74
20230202,6.42,7.77
20230203,6.42,7.77
20230204,6.39,7.76
20230205,6.38,7.75
20230206,6.37,7.75
20230207,6.36,7.72
20230208,6.35,7.72
20230209,6.31,7.73
20230210,6.28,7.7
20230211,6.26,7.66
20230212,6.23,7.65
20230213,6.25,7.62
20230214,6.24,7.61
20230215,6.24,7.59
20230216,6.23,7.57
20230217,6.23,7.54
20230218,6.25,7.52
20230219,6.27,7.5
20230220,6.28,7.51
20230221,6.29,7.54
20230222,6.29,7.54
20230223,6.28,7.55
20230224,6.28,7.55
20230225,6.27,7.56
20230226,6.27,7.56
20230227,6.26,7.55
20230228,6.25,7.56
20230301,6.24,7.51
20230302,6.23,7.49
20230303,6.23,7.47
20230304,6.22,7.46
20230305,6.21,7.45
20230306,6.2,7.45
20230307,6.2,7.44
20230308,6.2,7.45
20230309,6.18,7.44
20230310,6.16,7.44
20230311,6.16,7.44
20230312,6.15,7.46
20230313,6.15,7.48
20230314,6.14,7.49
20230315,6.13,7.49
20230316,6.12,7.5
20230317,6.11,7.48
20230318,6.11,7.51
20230319,6.12,7.52
20230320,6.11,7.5
20230321,6.1,7.5
20230322,6.09,7.49
20230323,6.08,7.52
20230324,6.07,7.53
20230325,6.06,7.54
20230326,6.06,7.55
20230327,6.05,7.54
20230328,6.04,7.55
20230329,6.04,7.56
20230330,6.03,7.56
20230331,6.03,7.57
20230401,5.97,7.55
20230402,5.98,7.52
20230403,5.98,7.53
20230404,5.99,7.52
20230405,6,7.51
20230406,6.02,7.51
20230407,6.03,7.5
20230408,6.04,7.5
20230409,5.98,7.49
20230410,6.05,7.49
20230411,5.98,7.52
20230412,5.96,7.54
20230413,5.95,7.57
20230414,5.94,7.57
20230415,5.93,7.57
20230416,5.93,7.65
20230417,5.92,7.67
20230418,5.97,7.72
20230419,5.97,7.75
20230420,6.05,7.78
20230421,6.06,7.79
20230422,6.06,7.83
20230423,6.06,7.89
20230424,6.06,7.96
20230425,6.07,7.89
20230426,6.06,7.89
20230427,6.06,7.88
20230428,6.06,7.87
20230429,6.05,7.88
20230430,6.05,7.9
