Date,Min,Max
20220501,9.11,11.13
20220502,9.1,11.04
20220503,9.09,10.95
20220504,9.08,10.83
20220505,9.08,10.83
20220506,9.07,10.94
20220507,9.06,11.04
20220508,9.06,11.14
20220509,9.05,11.26
20220510,9.05,11.37
20220511,9.05,11.46
20220512,9.04,11.54
20220513,9.04,11.62
20220514,9.04,11.71
20220515,9.03,11.7
20220516,9.03,11.65
20220517,9.03,11.64
20220518,9.03,11.63
20220519,9.03,11.6
20220520,9.03,11.58
20220521,9.03,11.57
20220522,9.02,11.56
20220523,9.02,11.53
20220524,9.02,11.5
20220525,9.02,11.51
20220526,9.01,11.47
20220527,9.01,11.43
20220528,9,11.41
20220529,9,11.4
20220530,9,11.41
20220531,8.99,11.4
20220601,8.99,11.42
20220602,8.98,11.47
20220603,8.98,11.5
20220604,8.98,11.53
20220605,8.97,11.59
20220606,8.97,11.61
20220607,8.97,11.66
20220608,8.97,11.7
20220609,8.97,11.69
20220610,8.96,11.72
20220611,8.96,11.7
20220612,8.96,11.69
20220613,8.96,11.69
20220614,8.96,11.72
20220615,8.96,11.8
20220616,8.96,11.81
20220617,8.96,11.8
20220618,8.96,11.86
20220619,8.96,11.89
20220620,8.95,11.93
20220621,8.96,11.99
20220622,8.97,12.08
20220623,8.97,12.12
20220624,8.98,12.12
20220625,8.98,12.14
20220626,8.99,12.24
20220627,8.99,12.27
20220628,9.18,12.29
20220629,9.19,12.41
20220630,9.32,12.5
20220701,9.5,12.59
20220702,9.69,12.68
20220703,9.88,12.75
20220704,10.08,12.85
20220705,10.28,12.88
20220706,10.34,12.93
20220707,10.26,13.08
20220708,10.36,13.15
20220709,10.32,13.23
20220710,10.23,13.24
20220711,10.14,13.3
20220712,10.03,13.38
20220713,9.92,13.45
20220714,9.9,13.56
20220715,10.02,13.72
20220716,10.09,13.76
20220717,10.17,13.8
20220718,10.26,13.88
20220719,10.41,14
20220720,10.57,14.05
20220721,10.71,14.04
20220722,10.81,14.11
20220723,10.85,14.12
20220724,10.86,14.1
20220725,10.9,14.14
20220726,10.93,14.17
20220727,10.97,14.27
20220728,10.97,14.4
20220729,10.95,14.59
20220730,10.94,14.85
20220731,10.97,14.9
20220801,11,15.01
20220802,11.07,15.09
20220803,11.13,15.2
20220804,11.18,15.3
20220805,11.26,15.3
20220806,11.35,15.28
20220807,11.44,15.22
20220808,11.54,15.17
20220809,11.65,15.23
20220810,11.73,15.3
20220811,11.78,15.39
20220812,11.79,15.44
20220813,11.78,15.48
20220814,11.86,15.52
20220815,11.88,15.55
20220816,11.9,15.59
20220817,11.92,15.62
20220818,11.9,15.65
20220819,11.89,15.66
20220820,11.89,15.66
20220821,11.9,15.67
20220822,12.04,15.69
20220823,12.05,15.7
20220824,12.09,15.72
20220825,12.14,15.73
20220826,12.18,15.74
20220827,12.11,15.73
20220828,12.04,15.77
20220829,11.96,15.82
20220830,12.01,15.85
20220831,11.93,15.85
20220901,11.84,15.83
20220902,11.71,15.8
20220903,11.55,15.79
20220904,11.39,15.75
20220905,11.34,15.7
20220906,11.32,15.62
20220907,11.31,15.52
20220908,11.16,15.43
20220909,11.03,15.35
20220910,10.94,15.3
20220911,10.87,15.21
20220912,10.82,15.1
20220913,10.77,15.01
20220914,10.72,14.97
20220915,10.63,14.93
20220916,10.55,14.85
20220917,10.5,14.79
20220918,10.45,14.73
20220919,10.39,14.68
20220920,10.31,14.63
20220921,10.24,14.6
20220922,10.17,14.57
20220923,10.1,14.53
20220924,10.07,14.48
20220925,10.04,14.48
20220926,10.02,14.45
20220927,9.99,14.43
20220928,9.98,14.38
20220929,9.98,14.41
20220930,9.99,14.4
20221001,10.01,14.36
20221002,10.04,14.29
20221003,10.04,14.23
20221004,10.05,14.15
20221005,10.03,14.13
20221006,10.01,14.09
20221007,9.99,14.05
20221008,9.96,13.94
20221009,9.92,13.92
20221010,9.88,13.91
20221011,9.91,13.92
20221012,9.96,13.91
20221013,9.99,13.92
20221014,10.01,13.88
20221015,10.03,13.85
20221016,10.04,13.86
20221017,10.06,13.87
20221018,10.1,13.83
20221019,10.13,13.8
20221020,10.11,13.76
20221021,10.08,13.77
20221022,10.07,13.74
20221023,10.07,13.72
20221024,10.07,13.67
20221025,10.08,13.59
20221026,10.1,13.51
20221027,10.1,13.42
20221028,10.1,13.31
20221029,10.09,13.19
20221030,10.07,13.04
20221031,10.06,12.89
20221101,10.04,12.74
20221102,10.03,12.61
20221103,10.01,12.48
20221104,10,12.37
20221105,9.98,12.25
20221106,9.97,12.14
20221107,9.96,12.03
20221108,9.93,11.94
20221109,9.91,11.85
20221110,9.88,11.77
20221111,9.86,11.7
20221112,9.83,11.62
20221113,9.8,11.55
20221114,9.77,11.47
20221115,9.73,11.44
20221116,9.69,11.41
20221117,9.66,11.38
20221118,9.62,11.33
20221119,9.57,11.28
20221120,9.52,11.24
20221121,9.48,11.19
20221122,9.43,11.15
20221123,9.38,11.12
20221124,9.35,11.08
20221125,9.33,11.04
20221126,9.33,11.01
20221127,9.34,10.99
20221128,9.37,10.97
20221129,9.41,10.95
20221130,9.44,10.94
20221201,9.47,10.93
20221202,9.51,10.92
20221203,9.54,10.9
20221204,9.56,10.87
20221205,9.57,10.85
20221206,9.56,10.82
20221207,9.55,10.81
20221208,9.54,10.8
20221209,9.54,10.76
20221210,9.53,10.74
20221211,9.52,10.72
20221212,9.51,10.7
20221213,9.5,10.68
20221214,9.5,10.67
20221215,9.49,10.66
20221216,9.48,10.65
20221217,9.48,10.63
20221218,9.47,10.63
20221219,9.46,10.62
20221220,9.45,10.61
20221221,9.44,10.6
20221222,9.44,10.6
20221223,9.43,10.6
20221224,9.41,10.6
20221225,9.4,10.59
20221226,9.38,10.59
20221227,9.37,10.57
20221228,9.35,10.57
20221229,9.34,10.57
20221230,9.32,10.56
20221231,9.31,10.56
20230101,9.29,10.55
20230102,9.28,10.55
20230103,9.28,10.54
20230104,9.27,10.54
20230105,9.26,10.56
20230106,9.25,10.55
20230107,9.25,10.55
20230108,9.24,10.55
20230109,9.24,10.56
20230110,9.23,10.57
20230111,9.23,10.57
20230112,9.23,10.58
20230113,9.22,10.58
20230114,9.22,10.58
20230115,9.22,10.58
20230116,9.21,10.57
20230117,9.2,10.57
20230118,9.2,10.56
20230119,9.19,10.55
20230120,9.18,10.55
20230121,9.16,10.56
20230122,9.15,10.57
20230123,9.14,10.58
20230124,9.13,10.6
20230125,9.12,10.62
20230126,9.12,10.64
20230127,9.11,10.65
20230128,9.11,10.65
20230129,9.11,10.65
20230130,9.1,10.64
20230131,9.1,10.63
20230201,9.1,10.62
20230202,9.1,10.61
20230203,9.1,10.6
20230204,9.1,10.59
20230205,9.1,10.59
20230206,9.1,10.59
20230207,9.1,10.58
20230208,9.09,10.58
20230209,9.09,10.57
20230210,9.09,10.57
20230211,9.09,10.56
20230212,9.09,10.55
20230213,9.09,10.55
20230214,9.09,10.54
20230215,9.09,10.54
20230216,9.08,10.54
20230217,9.08,10.54
20230218,9.08,10.54
20230219,9.08,10.54
20230220,9.08,10.55
20230221,9.08,10.55
20230222,9.08,10.66
20230223,9.08,10.71
20230224,9.08,10.72
20230225,9.11,10.73
20230226,9.15,10.74
20230227,9.18,10.75
20230228,9.21,10.75
20230301,9.27,10.76
20230302,9.29,10.66
20230303,9.32,10.61
20230304,9.37,10.61
20230305,9.38,10.59
20230306,9.39,10.58
20230307,9.41,10.57
20230308,9.42,10.56
20230309,9.43,10.55
20230310,9.45,10.54
20230311,9.46,10.52
20230312,9.47,10.51
20230313,9.46,10.51
20230314,9.45,10.51
20230315,9.45,10.51
20230316,9.44,10.52
20230317,9.43,10.53
20230318,9.43,10.54
20230319,9.42,10.56
20230320,9.41,10.62
20230321,9.4,10.64
20230322,9.4,10.67
20230323,9.39,10.7
20230324,9.38,10.73
20230325,9.38,10.76
20230326,9.37,10.78
20230327,9.36,10.81
20230328,9.36,10.84
20230329,9.35,10.85
20230330,9.35,10.87
20230331,9.34,10.89
20230401,9.34,10.91
20230402,9.33,10.92
20230403,9.33,10.93
20230404,9.32,10.95
20230405,9.32,10.96
20230406,9.31,10.97
20230407,9.31,10.96
20230408,9.3,10.96
20230409,9.29,10.95
20230410,9.29,10.96
20230411,9.28,10.95
20230412,9.27,10.95
20230413,9.26,10.95
20230414,9.26,10.94
20230415,9.25,10.94
20230416,9.24,10.94
20230417,9.23,10.94
20230418,9.22,10.94
20230419,9.21,10.94
20230420,9.2,10.97
20230421,9.2,11.05
20230422,9.19,11.13
20230423,9.18,11.21
20230424,9.17,11.29
20230425,9.16,11.4
20230426,9.15,11.38
20230427,9.14,11.36
20230428,9.13,11.35
20230429,9.12,11.31
20230430,9.11,11.21
