Date,Min,Max
20220501,9.3,10.88
20220502,9.3,10.88
20220503,9.29,10.86
20220504,9.28,10.91
20220505,9.26,10.99
20220506,9.24,11.06
20220507,9.22,11.1
20220508,9.2,11.12
20220509,9.2,11.14
20220510,9.19,11.12
20220511,9.19,11.12
20220512,9.18,11.13
20220513,9.18,11.1
20220514,9.17,11.09
20220515,9.17,11.07
20220516,9.17,11.07
20220517,9.17,11.09
20220518,9.16,11.12
20220519,9.15,11.18
20220520,9.13,11.24
20220521,9.12,11.28
20220522,9.11,11.32
20220523,9.1,11.34
20220524,9.09,11.35
20220525,9.07,11.39
20220526,9.06,11.43
20220527,9.05,11.45
20220528,9.03,11.44
20220529,9.02,11.42
20220530,9.01,11.43
20220531,9,11.44
20220601,8.98,11.46
20220602,8.96,11.49
20220603,8.95,11.5
20220604,8.93,11.5
20220605,8.9,11.51
20220606,8.88,11.53
20220607,8.86,11.55
20220608,8.84,11.55
20220609,8.83,11.55
20220610,8.82,11.56
20220611,8.82,11.57
20220612,8.82,11.58
20220613,8.83,11.59
20220614,8.84,11.6
20220615,8.85,11.62
20220616,8.86,11.63
20220617,8.87,11.63
20220618,8.88,11.64
20220619,8.89,11.66
20220620,8.89,11.67
20220621,8.9,11.68
20220622,8.9,11.69
20220623,8.91,11.7
20220624,8.93,11.71
20220625,8.94,11.72
20220626,8.98,11.73
20220627,9.01,11.74
20220628,9.05,11.77
20220629,9.07,11.82
20220630,9.1,11.85
20220701,9.12,11.9
20220702,9.14,11.96
20220703,9.15,12.05
20220704,9.16,12.06
20220705,9.15,12.06
20220706,9.15,12.05
20220707,9.15,12.02
20220708,9.17,12.07
20220709,9.18,12.14
20220710,9.18,12.12
20220711,9.18,12.08
20220712,9.17,12.07
20220713,9.17,12.26
20220714,9.17,12.47
20220715,9.18,12.72
20220716,9.22,12.98
20220717,9.28,13.13
20220718,9.36,13.31
20220719,9.44,13.45
20220720,9.54,13.73
20220721,9.64,13.96
20220722,9.72,13.98
20220723,9.79,14.05
20220724,9.86,14.07
20220725,9.88,14.08
20220726,9.88,14.09
20220727,9.9,14.1
20220728,9.94,14.24
20220729,9.98,14.25
20220730,10.03,14.24
20220731,10.1,14.33
20220801,10.18,14.37
20220802,10.27,14.46
20220803,10.36,14.59
20220804,10.46,14.7
20220805,10.57,14.81
20220806,10.64,14.9
20220807,10.71,15
20220808,10.81,15.11
20220809,10.89,15.21
20220810,10.97,15.29
20220811,11.02,15.35
20220812,11.16,15.39
20220813,11.3,15.46
20220814,11.28,15.52
20220815,11.41,15.55
20220816,11.51,15.59
20220817,11.58,15.63
20220818,11.65,15.68
20220819,11.7,15.73
20220820,11.76,15.78
20220821,11.73,15.82
20220822,11.7,15.82
20220823,11.82,15.84
20220824,11.82,15.85
20220825,11.82,15.84
20220826,11.83,15.82
20220827,11.84,15.8
20220828,11.86,15.79
20220829,11.89,15.77
20220830,11.91,15.76
20220831,11.92,15.75
20220901,11.9,15.74
20220902,11.85,15.75
20220903,11.8,15.79
20220904,11.67,15.81
20220905,11.56,15.83
20220906,11.39,15.85
20220907,11.21,15.87
20220908,11.03,15.88
20220909,10.87,15.88
20220910,10.69,15.88
20220911,10.51,15.87
20220912,10.32,15.87
20220913,10.2,15.86
20220914,10.06,15.84
20220915,9.98,15.81
20220916,9.91,15.76
20220917,9.88,15.72
20220918,9.82,15.67
20220919,9.77,15.62
20220920,9.73,15.57
20220921,9.71,15.48
20220922,9.71,15.38
20220923,9.7,15.3
20220924,9.71,15.21
20220925,9.72,15.14
20220926,9.72,15.05
20220927,9.74,14.96
20220928,9.77,14.86
20220929,9.79,14.76
20220930,9.8,14.71
20221001,9.8,14.65
20221002,9.81,14.58
20221003,9.81,14.5
20221004,9.78,14.43
20221005,9.74,14.36
20221006,9.69,14.33
20221007,9.65,14.31
20221008,9.6,14.3
20221009,9.58,14.28
20221010,9.55,14.29
20221011,9.52,14.3
20221012,9.51,14.29
20221013,9.51,14.29
20221014,9.51,14.28
20221015,9.51,14.26
20221016,9.52,14.22
20221017,9.53,14.16
20221018,9.55,14.11
20221019,9.57,14.06
20221020,9.59,14.01
20221021,9.6,13.97
20221022,9.61,13.94
20221023,9.62,13.91
20221024,9.64,13.89
20221025,9.65,13.83
20221026,9.66,13.79
20221027,9.65,13.76
20221028,9.63,13.7
20221029,9.62,13.61
20221030,9.61,13.53
20221031,9.59,13.44
20221101,9.58,13.32
20221102,9.55,13.18
20221103,9.52,13.11
20221104,9.49,13.01
20221105,9.46,12.9
20221106,9.44,12.81
20221107,9.41,12.72
20221108,9.38,12.64
20221109,9.36,12.54
20221110,9.33,12.48
20221111,9.32,12.42
20221112,9.33,12.32
20221113,9.34,12.22
20221114,9.36,12.13
20221115,9.38,12.04
20221116,9.4,11.95
20221117,9.41,11.86
20221118,9.43,11.79
20221119,9.44,11.71
20221120,9.44,11.63
20221121,9.43,11.57
20221122,9.41,11.51
20221123,9.39,11.44
20221124,9.37,11.39
20221125,9.36,11.35
20221126,9.33,11.31
20221127,9.3,11.27
20221128,9.29,11.25
20221129,9.27,11.23
20221130,9.26,11.2
20221201,9.25,11.17
20221202,9.23,11.14
20221203,9.21,11.11
20221204,9.19,11.07
20221205,9.19,11.03
20221206,9.18,11
20221207,9.16,10.98
20221208,9.14,10.94
20221209,9.12,10.91
20221210,9.1,10.88
20221211,9.09,10.86
20221212,9.07,10.84
20221213,9.05,10.82
20221214,9.04,10.8
20221215,9.02,10.76
20221216,9.01,10.72
20221217,9.01,10.69
20221218,9.01,10.65
20221219,8.99,10.62
20221220,9,10.59
20221221,9,10.58
20221222,9,10.57
20221223,9,10.57
20221224,9.01,10.56
20221225,9.02,10.55
20221226,9.02,10.52
20221227,9.03,10.51
20221228,9.03,10.51
20221229,9.04,10.52
20221230,9.04,10.51
20221231,9.04,10.49
20230101,9.05,10.49
20230102,9.06,10.46
20230103,9.06,10.44
20230104,9.07,10.48
20230105,9.07,10.48
20230106,9.07,10.46
20230107,9.08,10.45
20230108,9.08,10.44
20230109,9.08,10.43
20230110,9.08,10.41
20230111,9.08,10.42
20230112,9.08,10.43
20230113,9.08,10.4
20230114,9.08,10.39
20230115,9.08,10.37
20230116,9.08,10.34
20230117,9.08,10.31
20230118,9.08,10.28
20230119,9.07,10.26
20230120,9.07,10.25
20230121,9.06,10.25
20230122,9.06,10.25
20230123,9.05,10.25
20230124,9.04,10.27
20230125,9.03,10.3
20230126,9.03,10.33
20230127,9.02,10.38
20230128,9,10.41
20230129,8.99,10.42
20230130,8.98,10.44
20230131,8.95,10.46
20230201,8.94,10.5
20230202,8.93,10.53
20230203,8.91,10.53
20230204,8.91,10.57
20230205,8.9,10.55
20230206,8.9,10.55
20230207,8.9,10.59
20230208,8.9,10.6
20230209,8.91,10.62
20230210,8.91,10.61
20230211,8.92,10.62
20230212,8.92,10.65
20230213,8.92,10.63
20230214,8.91,10.65
20230215,8.91,10.67
20230216,8.9,10.62
20230217,8.9,10.58
20230218,8.9,10.52
20230219,8.89,10.51
20230220,8.88,10.46
20230221,8.88,10.45
20230222,8.87,10.43
20230223,8.87,10.45
20230224,8.87,10.46
20230225,8.86,10.51
20230226,8.85,10.57
20230227,8.85,10.62
20230228,8.84,10.65
20230301,8.84,10.63
20230302,8.84,10.63
20230303,8.84,10.62
20230304,8.84,10.61
20230305,8.84,10.6
20230306,8.84,10.6
20230307,8.84,10.59
20230308,8.84,10.58
20230309,8.84,10.64
20230310,8.85,10.67
20230311,8.85,10.69
20230312,8.85,10.7
20230313,8.85,10.7
20230314,8.85,10.7
20230315,8.85,10.67
20230316,8.85,10.64
20230317,8.85,10.62
20230318,8.85,10.61
20230319,8.84,10.61
20230320,8.84,10.61
20230321,8.84,10.59
20230322,8.84,10.6
20230323,8.84,10.6
20230324,8.84,10.65
20230325,8.84,10.68
20230326,8.84,10.7
20230327,8.84,10.68
20230328,8.85,10.65
20230329,8.85,10.64
20230330,8.86,10.62
20230331,8.86,10.61
20230401,8.86,10.61
20230402,8.87,10.57
20230403,8.88,10.55
20230404,8.88,10.56
20230405,8.89,10.57
20230406,8.9,10.62
20230407,8.91,10.6
20230408,8.92,10.65
20230409,8.93,10.7
20230410,8.94,10.72
20230411,8.95,10.75
20230412,8.97,10.78
20230413,8.99,10.78
20230414,9.01,10.77
20230415,9.03,10.74
20230416,9.05,10.76
20230417,9.06,10.76
20230418,9.07,10.76
20230419,9.09,10.76
20230420,9.12,10.77
20230421,9.13,10.79
20230422,9.15,10.82
20230423,9.16,10.87
20230424,9.18,10.93
20230425,9.2,10.95
20230426,9.23,10.93
20230427,9.26,10.89
20230428,9.28,10.87
20230429,9.29,10.85
20230430,9.3,10.85
