Date,Min,Max
20210501,10.25,12.26
20210502,10.24,12.27
20210503,10.22,12.29
20210504,10.2,12.3
20210505,10.19,12.32
20210506,10.19,12.37
20210507,10.18,12.41
20210508,10.16,12.42
20210509,10.14,12.43
20210510,10.11,12.43
20210511,10.1,12.42
20210512,10.09,12.38
20210513,10.08,12.33
20210514,10.08,12.28
20210515,10.06,12.24
20210516,10.05,12.18
20210517,10.04,12.17
20210518,10.04,12.22
20210519,10.03,12.27
20210520,10.02,12.3
20210521,9.99,12.35
20210522,9.96,12.4
20210523,9.93,12.47
20210524,9.89,12.51
20210525,9.86,12.54
20210526,9.82,12.55
20210527,9.78,12.5
20210528,9.74,12.46
20210529,9.71,12.44
20210530,9.72,12.45
20210531,9.72,12.46
20210601,9.72,12.46
20210602,9.72,12.49
20210603,9.73,12.54
20210604,9.75,12.56
20210605,9.77,12.6
20210606,9.79,12.66
20210607,9.8,12.69
20210608,9.81,12.72
20210609,9.81,12.74
20210610,9.82,12.76
20210611,9.82,12.77
20210612,9.84,12.73
20210613,9.87,12.79
20210614,9.91,12.81
20210615,9.95,12.82
20210616,9.98,12.83
20210617,10.02,12.85
20210618,10.06,12.9
20210619,10.09,12.96
20210620,10.13,13.02
20210621,10.15,13.17
20210622,10.15,13.27
20210623,10.15,13.39
20210624,10.15,13.47
20210625,10.16,13.53
20210626,10.18,13.6
20210627,10.2,13.66
20210628,10.23,13.72
20210629,10.26,13.75
20210630,10.28,13.73
20210701,10.3,13.68
20210702,10.31,13.62
20210703,10.33,13.65
20210704,10.35,13.72
20210705,10.38,13.75
20210706,10.42,13.79
20210707,10.46,13.87
20210708,10.51,13.97
20210709,10.56,14.12
20210710,10.63,14.3
20210711,10.68,14.46
20210712,10.74,14.59
20210713,10.79,14.7
20210714,10.82,14.88
20210715,10.84,15.03
20210716,10.85,15.16
20210717,10.87,15.28
20210718,10.88,15.35
20210719,10.9,15.4
20210720,10.94,15.42
20210721,10.98,15.43
20210722,11.03,15.45
20210723,11.09,15.49
20210724,11.15,15.51
20210725,11.21,15.5
20210726,11.26,15.51
20210727,11.32,15.56
20210728,11.38,15.65
20210729,11.48,15.78
20210730,11.62,15.93
20210731,11.76,16.06
20210801,11.88,16.16
20210802,12.01,16.24
20210803,12.16,16.34
20210804,12.33,16.43
20210805,12.52,16.49
20210806,12.67,16.54
20210807,12.77,16.6
20210808,12.82,16.66
20210809,12.87,16.7
20210810,12.92,16.75
20210811,12.98,16.82
20210812,13.01,16.87
20210813,13.01,16.93
20210814,13,16.99
20210815,13.01,17.03
20210816,13.04,17.07
20210817,13.06,17.09
20210818,13.08,17.11
20210819,13.12,17.13
20210820,13.14,17.14
20210821,13.17,17.17
20210822,13.22,17.2
20210823,13.26,17.23
20210824,13.29,17.27
20210825,13.3,17.3
20210826,13.29,17.34
20210827,13.23,17.38
20210828,13.22,17.42
20210829,13.19,17.46
20210830,13.13,17.49
20210831,13.04,17.51
20210901,12.94,17.53
20210902,12.83,17.55
20210903,12.72,17.57
20210904,12.59,17.59
20210905,12.51,17.6
20210906,12.39,17.61
20210907,12.25,17.6
20210908,11.96,17.58
20210909,11.82,17.56
20210910,11.66,17.53
20210911,11.58,17.49
20210912,11.46,17.46
20210913,11.38,17.43
20210914,11.32,17.4
20210915,11.28,17.38
20210916,11.24,17.35
20210917,11.38,17.33
20210918,11.39,17.32
20210919,11.44,17.3
20210920,11.43,17.29
20210921,11.43,17.27
20210922,11.45,17.25
20210923,11.45,17.23
20210924,11.42,17.2
20210925,11.41,17.18
20210926,11.38,17.14
20210927,11.36,17.1
20210928,11.32,16.88
20210929,11.29,16.66
20210930,11.34,16.55
20211001,11.33,16.45
20211002,11.34,16.37
20211003,11.25,16.31
20211004,11.15,16.27
20211005,11.04,16.21
20211006,10.95,16.15
20211007,10.96,16.27
20211008,10.94,16.38
20211009,10.86,16.32
20211010,10.83,16.28
20211011,10.75,16.22
20211012,10.77,16.14
20211013,10.81,16.04
20211014,10.88,15.99
20211015,10.93,15.91
20211016,10.87,15.83
20211017,10.83,15.75
20211018,10.78,15.73
20211019,10.73,15.64
20211020,10.69,15.59
20211021,10.66,15.55
20211022,10.62,15.49
20211023,10.57,15.37
20211024,10.51,15.31
20211025,10.46,15.25
20211026,10.42,15.18
20211027,10.38,15.07
20211028,10.34,15.01
20211029,10.31,14.9
20211030,10.3,14.74
20211031,10.29,14.61
20211101,10.3,14.52
20211102,10.32,14.34
20211103,10.36,14.19
20211104,10.39,14.01
20211105,10.44,13.85
20211106,10.48,13.71
20211107,10.51,13.55
20211108,10.53,13.43
20211109,10.54,13.33
20211110,10.53,13.23
20211111,10.52,13.2
20211112,10.48,13.14
20211113,10.44,13.11
20211114,10.38,13.09
20211115,10.33,13.05
20211116,10.31,13.02
20211117,10.3,12.98
20211118,10.28,12.93
20211119,10.26,12.86
20211120,10.24,12.77
20211121,10.24,12.7
20211122,10.24,12.64
20211123,10.24,12.58
20211124,10.24,12.55
20211125,10.2,12.52
20211126,10.17,12.53
20211127,10.14,12.53
20211128,10.12,12.51
20211129,10.1,12.5
20211130,10.08,12.48
20211201,10.07,12.51
20211202,10.06,12.52
20211203,10.06,12.51
20211204,10.06,12.49
20211205,10.06,12.43
20211206,10.06,12.38
20211207,10.06,12.35
20211208,10.06,12.35
20211209,10.06,12.31
20211210,10.06,12.26
20211211,10.06,12.21
20211212,10.06,12.16
20211213,10.06,12.12
20211214,10.06,12.09
20211215,10.06,12.06
20211216,10.06,12.04
20211217,10.07,12
20211218,10.08,12
20211219,10.09,11.95
20211220,10.1,11.91
20211221,10.11,11.89
20211222,10.12,11.85
20211223,10.13,11.81
20211224,10.14,11.77
20211225,10.15,11.72
20211226,10.15,11.67
20211227,10.15,11.63
20211228,10.15,11.59
20211229,10.14,11.55
20211230,10.13,11.53
20211231,10.12,11.51
20220101,10.12,11.51
20220102,10.12,11.51
20220103,10.11,11.53
20220104,10.11,11.55
20220105,10.1,11.56
20220106,10.09,11.59
20220107,10.09,11.61
20220108,10.08,11.63
20220109,10.07,11.65
20220110,10.06,11.68
20220111,10.04,11.68
20220112,10.03,11.67
20220113,10.02,11.66
20220114,10,11.69
20220115,9.99,11.68
20220116,9.98,11.67
20220117,9.96,11.65
20220118,9.95,11.63
20220119,9.93,11.61
20220120,9.91,11.59
20220121,9.88,11.62
20220122,9.86,11.64
20220123,9.84,11.62
20220124,9.83,11.65
20220125,9.81,11.67
20220126,9.8,11.7
20220127,9.8,11.7
20220128,9.8,11.68
20220129,9.8,11.66
20220130,9.81,11.61
20220131,9.81,11.56
20220201,9.81,11.51
20220202,9.82,11.46
20220203,9.83,11.41
20220204,9.84,11.36
20220205,9.84,11.35
20220206,9.84,11.37
20220207,9.84,11.38
20220208,9.83,11.39
20220209,9.83,11.4
20220210,9.83,11.42
20220211,9.83,11.44
20220212,9.82,11.46
20220213,9.81,11.47
20220214,9.8,11.49
20220215,9.79,11.51
20220216,9.78,11.52
20220217,9.78,11.53
20220218,9.78,11.53
20220219,9.77,11.52
20220220,9.76,11.5
20220221,9.75,11.48
20220222,9.75,11.47
20220223,9.75,11.45
20220224,9.76,11.43
20220225,9.76,11.41
20220226,9.76,11.4
20220227,9.76,11.39
20220228,9.76,11.4
20220301,9.77,11.41
20220302,9.77,11.42
20220303,9.77,11.43
20220304,9.77,11.44
20220305,9.78,11.44
20220306,9.78,11.45
20220307,9.79,11.46
20220308,9.8,11.46
20220309,9.81,11.46
20220310,9.82,11.46
20220311,9.83,11.47
20220312,9.83,11.47
20220313,9.84,11.46
20220314,9.84,11.46
20220315,9.85,11.49
20220316,9.87,11.52
20220317,9.88,11.57
20220318,9.9,11.64
20220319,9.91,11.68
20220320,9.93,11.72
20220321,9.95,11.78
20220322,9.96,11.85
20220323,9.98,11.93
20220324,10.01,11.99
20220325,10.03,12.04
20220326,10.05,12.07
20220327,10.08,12.12
20220328,10.12,12.19
20220329,10.16,12.26
20220330,10.2,12.34
20220331,10.24,12.38
20220401,10.27,12.41
20220402,10.29,12.44
20220403,10.31,12.48
20220404,10.33,12.52
20220405,10.33,12.54
20220406,10.31,12.58
20220407,10.3,12.61
20220408,10.29,12.62
20220409,10.29,12.65
20220410,10.28,12.68
20220411,10.28,12.71
20220412,10.27,12.73
20220413,10.27,12.76
20220414,10.28,12.7
20220415,10.29,12.63
20220416,10.3,12.63
20220417,10.31,12.64
20220418,10.32,12.6
20220419,10.33,12.56
20220420,10.33,12.52
20220421,10.33,12.47
20220422,10.33,12.43
20220423,10.32,12.45
20220424,10.32,12.46
20220425,10.31,12.4
20220426,10.3,12.33
20220427,10.27,12.32
20220428,10.26,12.3
20220429,10.25,12.27
20220430,10.25,12.26
